gen,op_id,w0,w1,w2,w3,w4,w5,w6,norm
50,0,-2.390303014256503e-05,-4.699851028566629e-05,-1.699596828984682e-07,0.000684359357350438,-0.000136836372789497,0.001755927301393313,0.003512066134982072,0.003988451001439402
50,1,-1.65815648170394e-07,-1.770179764844167e-07,3.519976919379056e-05,4.475716996497278e-06,9.562653981478607e-05,5.26828162829208e-05,9.91657062611419e-05,0.0001516999214595775
50,2,9.904479210784978e-08,1.561748182006056e-07,2.05222502736904e-06,1.38483389218641e-06,4.943556868908646e-06,1.567794624894493e-05,3.137343652256113e-05,3.550623699088239e-05
50,3,7.169940360010614e-09,1.303104278290614e-08,2.072977310644002e-24,9.684976852514246e-08,0,1.086354600001608e-06,2.172709200003216e-06,2.431138144677801e-06
100,0,-4.418446631175884e-05,-5.533372745778461e-05,-9.412680582548871e-07,0.0006551289360254947,-0.000629437877511493,0.0002104480139829677,0.0004219574861101021,0.001026029934056988
100,1,-2.362504382818198e-07,-1.821098146772851e-07,3.519523490245849e-05,4.436203892408254e-06,9.280218794921046e-05,4.734599199451203e-05,8.849928873273463e-05,0.0001412249503288047
100,2,2.777299744086644e-07,2.444522265612197e-07,2.053374221507669e-06,1.450605305944691e-06,6.758223431095453e-06,2.756084249114297e-05,5.513973617120097e-05,6.206546237701603e-05
100,3,7.169940360010614e-09,1.303104278290614e-08,2.072977310644002e-24,9.684976852514246e-08,0,1.086354600001608e-06,2.172709200003216e-06,2.431138144677801e-06
150,0,-4.678192330880688e-05,-5.640038814530036e-05,-9.714390993263588e-07,0.0006547337579905883,-0.0006537841058935506,9.667745759436736e-05,0.0001944425768167436,0.0009532234225421073
150,1,-1.874166610043053e-07,-1.610359308148833e-07,3.519274452785855e-05,4.422145217197191e-06,8.979560687314187e-05,4.716832174700214e-05,8.815419127746651e-05,0.0001389870811378872
150,2,3.08931392506341e-07,2.427456493036459e-07,2.053122036079821e-06,1.452735165476459e-06,7.228439157257023e-06,2.86166914264262e-05,5.725261607027089e-05,6.446322611649903e-05
150,3,6.060225974916682e-09,1.201051376022879e-08,1.968002058954531e-24,9.66602028758693e-08,0,1.030868880746912e-06,2.061737761493823e-06,2.307157866306857e-06
200,0,-4.797256305218172e-05,-5.673706217423128e-05,-9.762196542768987e-07,0.0006546723235961981,-0.0006583863350687286,6.051568463096024e-05,0.0001221209181568003,0.0009413636376346086
200,1,-5.289205918764808e-07,-1.819518955687907e-07,3.518185868733199e-05,4.410152650164194e-06,8.373747126889744e-05,3.703066234445693e-05,6.788043537087335e-05,0.0001193671355310828
200,2,3.234101837549724e-07,2.886984460160424e-07,2.050446197405302e-06,1.450785589911341e-06,5.157228553477484e-06,2.873927515898905e-05,5.750342748390451e-05,6.454211156128679e-05
200,3,6.060225974916682e-09,1.201051376022879e-08,1.968002058954531e-24,9.66602028758693e-08,0,1.030868880746912e-06,2.061737761493823e-06,2.307157866306857e-06
250,0,-4.853493515096297e-05,-5.68838851194151e-05,-9.760647722361688e-07,0.0006546528348035346,-0.0006583398486175307,4.75164170603847e-05,9.611958821922167e-05,0.0009375877796465635
250,1,-9.309347332952994e-07,-1.826395520481467e-07,3.517903355400392e-05,4.401320789094928e-06,7.839912891872967e-05,2.773883097365965e-05,4.930732956619743e-05,0.0001029801676591971
250,2,-1.8244073184803e-08,2.775802736461075e-07,2.048186340107713e-06,1.434883407852224e-06,2.340750802780214e-06,2.072359142824533e-05,4.147570648392664e-05,4.649206303960764e-05
250,3,6.060225974916682e-09,1.201051376022879e-08,1.968002058954531e-24,9.66602028758693e-08,0,1.030868880746912e-06,2.061737761493823e-06,2.307157866306857e-06
300,0,-4.842729197439434e-05,-5.682524272250256e-05,-9.768327086603151e-07,0.0006546571695622793,-0.000658877401648507,4.901712232565847e-05,9.912350433863885e-05,0.0009383490035570074
300,1,-8.362694609267203e-07,-1.670807427617049e-07,3.5178116451733e-05,4.400496386281783e-06,7.710229214806508e-05,2.905264833771036e-05,5.193289654212554e-05,0.0001036505527303092
300,2,-1.452807538724796e-07,2.753034957774026e-07,2.047571269917035e-06,1.431986656019366e-06,1.294771528658226e-06,1.839975474883547e-05,3.682943693284623e-05,4.126711602862327e-05
300,3,6.060225974916682e-09,1.201051376022879e-08,1.968002058954531e-24,9.66602028758693e-08,0,1.030868880746912e-06,2.061737761493823e-06,2.307157866306857e-06
350,0,-4.804374209606583e-05,-5.679898909579547e-05,-9.769452291159082e-07,0.0006546648138975272,-0.0006576796657855986,5.482412302773848e-05,0.0001107377516708923,0.0009391125471385759
350,1,-1.297748081387762e-06,-1.973736147580276e-07,3.517609881519975e-05,4.396058140605535e-06,7.371606358091374e-05,2.160599158733492e-05,3.704052655091586e-05,9.236494936373449e-05
350,2,-3.812325000255635e-07,2.656007385625018e-07,2.047091768666321e-06,1.428229599689553e-06,-3.81385723334458e-08,1.477168521281129e-05,2.957376176034543e-05,3.315505737749414e-05
350,3,6.060225974916682e-09,1.201051376022879e-08,1.968002058954531e-24,9.66602028758693e-08,0,1.030868880746912e-06,2.061737761493823e-06,2.307157866306857e-06
400,0,-4.935675464033254e-05,-5.702572071177188e-05,-9.761975470069812e-07,0.0006546600160155527,-0.0006569012521923994,3.801237743907964e-05,7.711610469693658e-05,0.0009344409029770688
400,1,-1.423218464151631e-06,-2.056882343491954e-07,3.51750947177529e-05,4.395076279243645e-06,7.249973645097534e-05,1.985391191690097e-05,3.353577698723386e-05,8.963096442832767e-05
400,2,-5.540030735596042e-07,2.591470384212361e-07,2.046813316069644e-06,1.427550261320107e-06,-7.508147874534756e-07,1.252470678206276e-05,2.508009282962913e-05,2.816104543970258e-05
400,3,6.060225974916682e-09,1.201051376022879e-08,1.968002058954531e-24,9.66602028758693e-08,0,1.030868880746912e-06,2.061737761493823e-06,2.307157866306857e-06
450,0,-4.954149729468611e-05,-5.704024853696536e-05,-9.770122596281112e-07,0.0006546585815298826,-0.0006580827057754184,3.564750000619947e-05,7.238799088864408e-05,0.0009348103422370304
450,1,-1.92103327055014e-06,-2.270347341873363e-07,3.517449749461521e-05,4.393627373496586e-06,7.108744489448424e-05,1.39059011189023e-05,2.163948530339786e-05,8.351860499819135e-05
450,2,-6.748021239508106e-07,2.569314040413293e-07,2.046600620301378e-06,1.427223670248687e-06,-1.250357477901989e-06,1.106349972372247e-05,2.215787484389977e-05,2.493356674673895e-05
450,3,6.060225974916682e-09,1.201051376022879e-08,1.968002058954531e-24,9.66602028758693e-08,0,1.030868880746912e-06,2.061737761493823e-06,2.307157866306857e-06
500,0,-4.915670708113798e-05,-5.698205540084224e-05,-9.769734628794836e-07,0.0006546590116412144,-0.0006577618338012237,3.980072901318863e-05,8.069510425915617e-05,0.000935408541962222
500,1,-1.984866839562855e-06,-2.228201625261893e-07,3.517378120663904e-05,4.39392599200788e-06,7.012531144539954e-05,1.332261876770603e-05,2.047432189034703e-05,8.230880966339411e-05
500,2,-7.578012553655744e-07,2.545097943965128e-07,2.046388080777629e-06,1.427065337580273e-06,-1.538856626903592e-06,1.017097172255547e-05,2.037295948400174e-05,2.297253754527161e-05
500,3,3.694469040017739e-09,1.172444791218507e-08,1.921331185475256e-24,9.665748027978211e-08,0,1.007020524548334e-06,2.014041049096667e-06,2.253873435795003e-06
550,0,-4.987197074410639e-05,-5.700980849093754e-05,-9.771496331766833e-07,0.0006546582954225761,-0.0006584432680748991,3.293324932136748e-05,6.696039082673928e-05,0.0009345756258541945
550,1,-2.364140901526174e-06,-2.27796350281443e-07,3.51733968705138e-05,4.393574655447779e-06,6.903719424705296e-05,9.729512292269178e-06,1.328866404878874e-05,7.936938068421248e-05
550,2,-8.567657521662649e-07,2.520213868894957e-07,2.04631696788501e-06,1.426974348794765e-06,-1.78288456011457e-06,9.247962366991986e-06,1.852697739802683e-05,2.095169702104579e-05
550,3,3.694469040017739e-09,1.172444791218507e-08,1.921331185475256e-24,9.665748027978211e-08,0,1.007020524548334e-06,2.014041049096667e-06,2.253873435795003e-06
600,0,-5.04093325476784e-05,-5.701355735141778e-05,-9.771559454358496e-07,0.0006546578634302075,-0.0006584979955330745,2.80398642426846e-05,5.717362066937353e-05,0.0009338330613780936
600,1,-2.123143959738746e-06,-2.283279255841499e-07,3.517337733670962e-05,4.393701130903702e-06,6.912402108502272e-05,1.171996715871516e-05,1.727034133514043e-05,8.046603984172409e-05
600,2,-9.247081305244049e-07,2.472266075157224e-07,2.046233306515183e-06,1.426889891719295e-06,-1.898707024471858e-06,8.634315540534786e-06,1.72998814550911e-05,1.961075427433653e-05
600,3,3.694469040017739e-09,1.172444791218507e-08,1.921331185475256e-24,9.665748027978211e-08,0,1.007020524548334e-06,2.014041049096667e-06,2.253873435795003e-06
650,0,-4.983069831525577e-05,-5.696124068285012e-05,-9.771652309646924e-07,0.0006546585887200421,-0.0006585258014550255,3.260629453690223e-05,6.630665389957286e-05,0.0009345707453415659
650,1,-2.54680128434233e-06,-2.350295373748391e-07,3.517285237632415e-05,4.39326868940019e-06,6.805572644890124e-05,8.293222229858972e-06,1.041728713397878e-05,7.792208350912201e-05
650,2,-1.081796719684358e-06,2.422090357309392e-07,2.046118127597447e-06,1.426657218636451e-06,-2.193819305421327e-06,7.375608116495399e-06,1.478252930808184e-05,1.688746607838282e-05
650,3,3.694469040017739e-09,1.172444791218507e-08,1.921331185475256e-24,9.665748027978211e-08,0,1.007020524548334e-06,2.014041049096667e-06,2.253873435795003e-06
700,0,-5.007638692554521e-05,-5.69429637269917e-05,-9.774156375295305e-07,0.0006546583554123543,-0.0006589377828367363,3.073250800961823e-05,6.25593745913658e-05,0.0009345511368275602
700,1,-2.7672374496719e-06,-2.40242374758756e-07,3.517263645413218e-05,4.393077619927835e-06,6.762444441431691e-05,6.669326004660657e-06,7.169740379450113e-06,7.702648488942587e-05
700,2,-1.126384245397302e-06,2.409142058485165e-07,2.046093101853339e-06,1.426595017685542e-06,-2.258996806749256e-06,7.0497115257865e-06,1.413075429480256e-05,1.618728413164442e-05
700,3,3.694469040017739e-09,1.172444791218507e-08,1.921331185475256e-24,9.665748027978211e-08,0,1.007020524548334e-06,2.014041049096667e-06,2.253873435795003e-06
750,0,-4.995832932923003e-05,-5.69279179862966e-05,-9.773526815100383e-07,0.000654658446620501,-0.000658819728960644,3.159318470807654e-05,6.428093016072453e-05,0.0009346062604303251
750,1,-2.625235824587235e-06,-2.338255052327561e-07,3.51726598696816e-05,4.393266942109227e-06,6.776739307412807e-05,7.694125201203605e-06,9.219534410519512e-06,7.745955251391829e-05
750,2,-1.172536756349718e-06,2.399776632198668e-07,2.046059015645331e-06,1.426542625360374e-06,-2.343193311498123e-06,6.72782999461205e-06,1.348704917660184e-05,1.550188891409162e-05
750,3,3.694469040017739e-09,1.172444791218507e-08,1.921331185475256e-24,9.665748027978211e-08,0,1.007020524548334e-06,2.014041049096667e-06,2.253873435795003e-06
800,0,-5.053272946780558e-05,-5.698834081309425e-05,-9.77371848812062e-07,0.0006546579037856723,-0.0006584808358319844,2.803520962317844e-05,5.716499029798451e-05,0.0009338254516949355
800,1,-2.52347884860748e-06,-2.297459514594168e-07,3.517245910927742e-05,4.393346947197117e-06,6.764229256220832e-05,8.384686860812277e-06,1.060107930946463e-05,7.759503660186416e-05
800,2,-1.199109883836322e-06,2.399010444986009e-07,2.046031042169193e-06,1.426521709432983e-06,-2.414127206797671e-06,6.554562587460789e-06,1.314057098221931e-05,1.513874271067299e-05
800,3,3.694469040017739e-09,1.172444791218507e-08,1.921331185475256e-24,9.665748027978211e-08,0,1.007020524548334e-06,2.014041049096667e-06,2.253873435795003e-06
850,0,-5.187332830281018e-05,-5.714993588513684e-05,-9.773658866949267e-07,0.00065465660291566,-0.0006584552668391944,1.988146412159423e-05,4.085749937221451e-05,0.0009328242742579539
850,1,-2.447037895921117e-06,-2.38180280969228e-07,3.51723140783733e-05,4.393384659484409e-06,6.766517024685288e-05,8.869197380782669e-06,1.157025104443445e-05,7.780454271217297e-05
850,2,-1.167404278971881e-06,2.39392785088375e-07,2.045992056834212e-06,1.426519019269783e-06,-2.360937502620847e-06,6.753011018135813e-06,1.353744942191901e-05,1.555894926460145e-05
850,3,3.694469040017739e-09,1.172444791218507e-08,1.921331185475256e-24,9.665748027978211e-08,0,1.007020524548334e-06,2.014041049096667e-06,2.253873435795003e-06
900,0,-5.241194258651224e-05,-5.717863906402188e-05,-9.773658866949267e-07,0.0006546564506023909,-0.0006584552668391944,1.684515683142021e-05,3.478488545444832e-05,0.0009325500083337792
900,1,-2.379079571587988e-06,-2.373179958711509e-07,3.517235194652996e-05,4.393431779635998e-06,6.77382083955032e-05,9.278026147052646e-06,1.238823640213461e-05,7.803927197677578e-05
900,2,-1.21342251363964e-06,2.378688921993659e-07,2.045957636503127e-06,1.42650364303349e-06,-2.410084154281959e-06,6.487557384291513e-06,1.300657521982283e-05,1.499392331894967e-05
900,3,3.694469040017739e-09,1.172444791218507e-08,1.921331185475256e-24,9.665748027978211e-08,0,1.007020524548334e-06,2.014041049096667e-06,2.253873435795003e-06
950,0,-5.28499585428711e-05,-5.72659075372951e-05,-9.773657322268688e-07,0.0006546563622077632,-0.0006584537550078457,1.443439068516867e-05,2.996335184597929e-05,0.0009323711233619153
950,1,-2.528559335207662e-06,-2.502913540771742e-07,3.517228952818233e-05,4.393410557364002e-06,6.755924229062785e-05,8.464566718038183e-06,1.076142734687817e-05,7.755357304601413e-05
950,2,-1.253657318919635e-06,2.344616321760977e-07,2.045945012025286e-06,1.426493410407515e-06,-2.451773345652013e-06,6.27006786901452e-06,1.257161788169996e-05,1.453333833489012e-05
950,3,3.694469040017739e-09,1.172444791218507e-08,1.921331185475256e-24,9.665748027978211e-08,0,1.007020524548334e-06,2.014041049096667e-06,2.253873435795003e-06
1000,0,-5.27823700176407e-05,-5.726483613905241e-05,-9.773652812778864e-07,0.000654656395110298,-0.0006584460448831643,1.472787344320956e-05,3.055031735999681e-05,0.0009323854444990296
1000,1,-2.860974549627831e-06,-2.566623847943791e-07,3.517223054607458e-05,4.393340876036334e-06,6.709824406946315e-05,6.765643368859148e-06,7.363670586640237e-06,7.659510577380937e-05
1000,2,-1.317233489454537e-06,2.327311699016262e-07,2.045935797470069e-06,1.426475824288024e-06,-2.515922312808797e-06,5.94359786847026e-06,1.191868799580688e-05,1.384634604057679e-05
1000,3,3.694469040017739e-09,1.172444791218507e-08,1.921331185475256e-24,9.665748027978211e-08,0,1.007020524548334e-06,2.014041049096667e-06,2.253873435795003e-06
1050,0,-5.218827022463918e-05,-5.723328898941344e-05,-9.773637181521996e-07,0.0006546567633198599,-0.0006584433727113236,1.762276165517449e-05,3.634008930112731e-05,0.0009326063139417888
1050,1,-3.03067333857933e-06,-2.57053840401195e-07,3.517212980219932e-05,4.393342878026935e-06,6.68534062546798e-05,5.933400397663535e-06,5.699333488314454e-06,7.617543438912564e-05
1050,2,-1.386843046043642e-06,2.312355134381846e-07,2.045905874986282e-06,1.426426432453289e-06,-2.603889486244004e-06,5.603593998247912e-06,1.123862939432861e-05,1.314094834973407e-05
1050,3,3.694469040017739e-09,1.172444791218507e-08,1.921331185475256e-24,9.665748027978211e-08,0,1.007020524548334e-06,2.014041049096667e-06,2.253873435795003e-06
1100,0,-5.207724232992735e-05,-5.721112687065358e-05,-9.773637044905932e-07,0.0006546570611180905,-0.0006584433571825816,1.816407289482294e-05,3.742270879141853e-05,0.000932652144378262
1100,1,-3.07548249363781e-06,-2.560205667754098e-07,3.517208209018555e-05,4.393471431239316e-06,6.681311120774215e-05,5.732960407950451e-06,5.298563703848407e-06,7.60975395824079e-05
1100,2,-1.425843819097545e-06,2.3057172266342e-07,2.045881184245602e-06,1.426397842960977e-06,-2.640218518905282e-06,5.421933531344446e-06,1.087533906771583e-05,1.276509112485604e-05
1100,3,3.694469040017739e-09,1.172444791218507e-08,1.921331185475256e-24,9.665748027978211e-08,0,1.007020524548334e-06,2.014041049096667e-06,2.253873435795003e-06
1150,0,-5.172608855727975e-05,-5.718492863632217e-05,-9.773637044905932e-07,0.0006546571366761714,-0.0006584433571825816,1.968891703626752e-05,4.047239707430771e-05,0.0009327893380277785
1150,1,-3.255341197876688e-06,-2.586858522160867e-07,3.517201104274184e-05,4.393430993184105e-06,6.665349849276542e-05,4.934849549508699e-06,3.702436554081262e-06,7.581415698407337e-05
1150,2,-1.477270100723119e-06,2.296627589742426e-07,2.045860779510324e-06,1.426384672926361e-06,-2.684946412258232e-06,5.194080788747461e-06,1.041963755906403e-05,1.229680653001582e-05
1150,3,3.694469040017739e-09,1.172444791218507e-08,1.921331185475256e-24,9.665748027978211e-08,0,1.007020524548334e-06,2.014041049096667e-06,2.253873435795003e-06
1200,0,-5.253243791297277e-05,-5.724063634418316e-05,-9.773637044905932e-07,0.0006546569549563425,-0.0006584433571825816,1.624661903216476e-05,3.358780106610219e-05,0.0009324980316456383
1200,1,-3.303737212307681e-06,-2.596843131553334e-07,3.517200751149017e-05,4.393420223397366e-06,6.66149043432691e-05,4.729894667332889e-06,3.292530253656549e-06,7.575033009074194e-05
1200,2,-1.50945586806998e-06,2.290107774614356e-07,2.045857221042354e-06,1.426377302787553e-06,-2.710662618365804e-06,5.057532381341212e-06,1.014654073602782e-05,1.201788673017997e-05
1200,3,3.694469040017739e-09,1.172444791218507e-08,1.921331185475256e-24,9.665748027978211e-08,0,1.007020524548334e-06,2.014041049096667e-06,2.253873435795003e-06
1250,0,-5.251624944251102e-05,-5.722235192823601e-05,-9.773620480599362e-07,0.0006546569622064336,-0.0006584405412414791,1.631582999694571e-05,3.372622299566409e-05,0.0009325002188707787
1250,1,-3.357266873412196e-06,-2.601779535492732e-07,3.517198021676741e-05,4.393409014912018e-06,6.656985394149117e-05,4.510417750682406e-06,2.853638845046781e-06,7.568184554635881e-05
1250,2,-1.54122378441274e-06,2.283478642984952e-07,2.045842570373539e-06,1.42637086540557e-06,-2.735017238911649e-06,4.927250230727263e-06,9.885976435777061e-06,1.175321927776747e-05
1250,3,3.694469040017739e-09,1.172444791218507e-08,1.921331185475256e-24,9.665748027978211e-08,0,1.007020524548334e-06,2.014041049096667e-06,2.253873435795003e-06
1300,0,-5.28284676413042e-05,-5.724080384115254e-05,-9.773620480599362e-07,0.000654656910213703,-0.0006584405412414791,1.51028921080807e-05,3.130034721217052e-05,0.0009324139302803437
1300,1,-3.406510378809897e-06,-2.610801504487458e-07,3.517195719292035e-05,4.393399019258754e-06,6.653235658195168e-05,4.315706630804595e-06,2.464229808892575e-06,7.562600893972335e-05
1300,2,-1.574229891795741e-06,2.277659776042784e-07,2.045826823403348e-06,1.426364538565895e-06,-2.760610037621367e-06,4.796660804056853e-06,9.624805825940441e-06,1.148981331950439e-05
1300,3,3.694469040017739e-09,1.172444791218507e-08,1.921331185475256e-24,9.665748027978211e-08,0,1.007020524548334e-06,2.014041049096667e-06,2.253873435795003e-06
1350,0,-5.34676085357219e-05,-5.735091281296778e-05,-9.773620480599362e-07,0.0006546567985063106,-0.0006584405412414791,1.268727440764287e-05,2.646911181129486e-05,0.0009322713760447977
1350,1,-3.406510378809897e-06,-2.610801504487458e-07,3.517195719292035e-05,4.393399019258754e-06,6.653235658195168e-05,4.315706630804595e-06,2.464229808892575e-06,7.562600893972335e-05
1350,2,-1.574229891795741e-06,2.277659776042784e-07,2.045826823403348e-06,1.426364538565895e-06,-2.760610037621367e-06,4.796660804056853e-06,9.624805825940441e-06,1.148981331950439e-05
1350,3,3.694469040017739e-09,1.172444791218507e-08,1.921331185475256e-24,9.665748027978211e-08,0,1.007020524548334e-06,2.014041049096667e-06,2.253873435795003e-06
1400,0,-5.358943012478087e-05,-5.732563812419788e-05,-9.77361595713486e-07,0.0006546567745238295,-0.0006584398434331657,1.225877124698283e-05,2.561210537341982e-05,0.0009322466349134841
1400,1,-3.406669242810318e-06,-2.611834939749717e-07,3.517195229039476e-05,4.393399203772568e-06,6.652386150228474e-05,4.315361956064601e-06,2.463554817273495e-06,7.561849903928054e-05
1400,2,-1.585952791712286e-06,2.336141203430593e-07,2.045811678914819e-06,1.426361255487945e-06,-2.786882711424746e-06,4.754305005542711e-06,9.540115090260918e-06,1.140936461595894e-05
1400,3,3.694469040017739e-09,1.172444791218507e-08,1.921331185475256e-24,9.665748027978211e-08,0,1.007020524548334e-06,2.014041049096667e-06,2.253873435795003e-06
1450,0,-5.352841129025367e-05,-5.732117972641682e-05,-9.773613808780738e-07,0.00065465677877811,-0.000658438933172611,1.246376706549948e-05,2.602209701045313e-05,0.0009322562874208237
1450,1,-3.460902079248319e-06,-2.618861840754592e-07,3.517193675940988e-05,4.393392914573715e-06,6.648598792861706e-05,4.125987773423399e-06,2.084819080596723e-06,7.556566879764105e-05
1450,2,-1.61996479819506e-06,2.3307949634962e-07,2.045802715117526e-06,1.426357859715615e-06,-2.809174626475346e-06,4.63537884793809e-06,9.302275287201443e-06,1.117179225357274e-05
1450,3,3.694469040017739e-09,1.172444791218507e-08,1.921331185475256e-24,9.665748027978211e-08,0,1.007020524548334e-06,2.014041049096667e-06,2.253873435795003e-06
1500,0,-5.363444699994205e-05,-5.732440528668688e-05,-9.773613808780738e-07,0.0006546567691919605,-0.000658438933172611,1.211158532852598e-05,2.531773353650611e-05,0.000932238536469432
1500,1,-3.485868355218792e-06,-2.622002149293228e-07,3.517192573293195e-05,4.393390278184852e-06,6.64690131126858e-05,4.040984562178732e-06,1.914820878042619e-06,7.554278300700277e-05
1500,2,-1.63558016765596e-06,2.328537142282333e-07,2.045796203164617e-06,1.426356389339645e-06,-2.819199514093394e-06,4.582235694157591e-06,9.195998638619873e-06,1.106617724464628e-05
1500,3,3.694469040017739e-09,1.172444791218507e-08,1.921331185475256e-24,9.665748027978211e-08,0,1.007020524548334e-06,2.014041049096667e-06,2.253873435795003e-06
1550,0,-5.389485732562893e-05,-5.734194013487844e-05,-9.77361288790184e-07,0.0006546567424339906,-0.0006584381539684329,1.126089297484422e-05,2.361634882914261e-05,0.0009321987457822089
1550,1,-3.508608641364506e-06,-2.624562919122221e-07,3.517192395461543e-05,4.393388051851837e-06,6.645396583910098e-05,3.965747070592962e-06,1.764348142194638e-06,7.552294327610656e-05
1550,2,-1.650814527308948e-06,2.32606296765382e-07,2.045795125955445e-06,1.426355035375203e-06,-2.828314348718242e-06,4.531897244237107e-06,9.095322402118288e-06,1.096637610895945e-05
1550,3,3.694469040017739e-09,1.172444791218507e-08,1.921331185475256e-24,9.665748027978211e-08,0,1.007020524548334e-06,2.014041049096667e-06,2.253873435795003e-06
1600,0,-5.390293648671027e-05,-5.734351325972382e-05,-9.773611938460628e-07,0.0006546567423725444,-0.0006584365474138096,1.12416108391197e-05,2.357778455699822e-05,0.0009321969659641067
1600,1,-3.547016961961319e-06,-2.626794498119446e-07,3.517192203098351e-05,4.393383837195423e-06,6.642609316437046e-05,3.843081700257215e-06,1.519027674772532e-06,7.548853439979816e-05
1600,2,-1.682573891619798e-06,2.322232808012514e-07,2.04579117167857e-06,1.426351350537006e-06,-2.849107989216085e-06,4.430506348428582e-06,8.892541042761198e-06,1.076702425376096e-05
1600,3,3.694469040017739e-09,1.172444791218507e-08,1.921331185475256e-24,9.665748027978211e-08,0,1.007020524548334e-06,2.014041049096667e-06,2.253873435795003e-06
1650,0,-5.408474525608403e-05,-5.735977598616206e-05,-9.773611938460628e-07,0.000654656722825602,-0.0006584365474138096,1.067995627286309e-05,2.245447542448502e-05,0.0009321741443791795
1650,1,-3.578718639703611e-06,-2.643121149184229e-07,3.517192138758562e-05,4.393380760946246e-06,6.641521391438267e-05,3.745740135702244e-06,1.324345444643865e-06,7.54719022942683e-05
1650,2,-1.711942463780345e-06,2.294582969384079e-07,2.04579079859774e-06,1.426348415841841e-06,-2.855416433218958e-06,4.34058032679352e-06,8.712689130843811e-06,1.058811221963092e-05
1650,3,-9.379806333194672e-09,9.844107927467933e-09,1.844990621538524e-24,9.665636127962663e-08,0,9.669569443098251e-07,1.93391388861965e-06,2.164383515033443e-06
1700,0,-5.408143318772811e-05,-5.736415364431785e-05,-9.773611938460628e-07,0.0006546567214037569,-0.0006584365474138096,1.069967613777387e-05,2.249391515430657e-05,0.0009321753976112153
1700,1,-3.575698011014365e-06,-2.646805528158338e-07,3.51719119385065e-05,4.393384610707129e-06,6.641346124126266e-05,3.75510213268945e-06,1.343072895314849e-06,7.54710100679885e-05
1700,2,-1.730651939688163e-06,2.288543204151265e-07,2.045785211472053e-06,1.42634570020897e-06,-2.862683158156039e-06,4.284572082618596e-06,8.600675519123737e-06,1.047813732514996e-05
1700,3,-1.564333232854916e-08,9.168527028686753e-09,1.809756636414103e-24,9.665513772338376e-08,0,9.483247364540965e-07,1.896649472908193e-06,2.122797687071521e-06
1750,0,-5.410086858645627e-05,-5.735920192253427e-05,-9.773611938460628e-07,0.0006546567196402945,-0.0006584365474138096,1.06489786299157e-05,2.239252013859024e-05,0.0009321731976979004
1750,1,-3.592944288762273e-06,-2.639571879802177e-07,3.517190692223899e-05,4.39338345503008e-06,6.640498623011081e-05,3.705656471075455e-06,1.244185936762363e-06,7.546022701752811e-05
1750,2,-1.757810556912581e-06,2.261485035478146e-07,2.045781468774379e-06,1.426342243391503e-06,-2.869006466179069e-06,4.205529538584107e-06,8.442594958315139e-06,1.032258695996129e-05
1750,3,-3.145738032901765e-08,6.659938089219863e-09,1.723201367684087e-24,9.66528916087699e-08,0,9.024436189111725e-07,1.804887237822345e-06,2.020494525995139e-06
1800,0,-5.397417512730421e-05,-5.734760579760054e-05,-9.773611938460628e-07,0.0006546567342584887,-0.0006584365474138096,1.100359347933934e-05,2.310174983743751e-05,0.0009321865753707842
1800,1,-3.576368474300508e-06,-2.590875511311344e-07,3.517190308608912e-05,4.39338417626856e-06,6.638866204889619e-05,3.752628052618988e-06,1.338139773051152e-06,7.544898550038116e-05
1800,2,-1.794448467973787e-06,2.212530378302079e-07,2.045777470223199e-06,1.426338411090203e-06,-2.877604330772968e-06,4.102166515033614e-06,8.235874298448763e-06,1.012060508037844e-05
1800,3,-4.548271835139951e-08,2.916110135657014e-09,1.648601472706406e-24,9.665162772074595e-08,0,8.628997921703995e-07,1.725799584340799e-06,1.932459307500838e-06
1850,0,-5.410187626791733e-05,-5.735602820420472e-05,-9.773611938460628e-07,0.0006546567212085293,-0.0006584365474138096,1.065374752746913e-05,2.240205793369709e-05,0.0009321733456561272
1850,1,-3.616345312021766e-06,-2.617176795098088e-07,3.517190083438242e-05,4.39338102307857e-06,6.638486250679641e-05,3.643104257037507e-06,1.119092181888195e-06,7.543862008721129e-05
1850,2,-1.81208801573947e-06,2.16405433602949e-07,2.045776249240247e-06,1.426336220622467e-06,-2.879664624029033e-06,4.053744565860594e-06,8.139030400083431e-06,1.002592933200236e-05
1850,3,-5.796708734730678e-08,-1.694243484083486e-09,1.584019394682186e-24,9.66499548986858e-08,0,8.286661983468041e-07,1.657332396693608e-06,1.856378896904173e-06
1900,0,-5.420194739608681e-05,-5.73727952165864e-05,-9.773611938460628e-07,0.0006546567113436221,-0.0006584365474138096,1.03866787297732e-05,2.186792033830523e-05,0.0009321644863862912
1900,1,-3.649626290077241e-06,-2.67362489234569e-07,3.517190083438242e-05,4.393378573848964e-06,6.638486250679641e-05,3.554332081150843e-06,9.415478301148647e-07,7.543358268874954e-05
1900,2,-1.835484078486677e-06,2.091497404749729e-07,2.045776249240247e-06,1.426333451151441e-06,-2.879664624029033e-06,3.991312632491322e-06,8.014166533344887e-06,9.903649988438716e-06
1900,3,-6.911326647429888e-08,-6.89337649185978e-09,1.527903500460181e-24,9.664827780717595e-08,0,7.989203495197731e-07,1.597840699039546e-06,1.79040042343306e-06
1950,0,-5.426971104056237e-05,-5.73909546067502e-05,-9.773611938460628e-07,0.0006546567048110914,-0.0006584365474138096,1.021051413993509e-05,2.151559115862902e-05,0.0009321593972214435
1950,1,-3.687799366346312e-06,-2.775629410963795e-07,3.517190083438242e-05,4.393375465320173e-06,6.638486250679641e-05,3.455106612464402e-06,7.430968927419832e-07,7.542864963909511e-05
1950,2,-1.86070535158359e-06,1.994504173042582e-07,2.045776249240247e-06,1.426330632869056e-06,-2.879664624029033e-06,3.925791103366494e-06,7.883123475095234e-06,9.775968712528909e-06
1950,3,-7.870497207902796e-08,-1.224653880929161e-08,1.480866779036483e-24,9.664686111389344e-08,0,7.739871781930682e-07,1.547974356386136e-06,1.735213481431688e-06
2000,0,-5.431250803570151e-05,-5.740605510543774e-05,-9.773611938460628e-07,0.0006546566999707376,-0.0006584365474138096,1.01019701890609e-05,2.129850325891139e-05,0.0009321566481854672
2000,1,-3.725238372384499e-06,-2.911912806019778e-07,3.517190083438242e-05,4.393372498650352e-06,6.638486250679641e-05,3.360313970882684e-06,5.53511609578545e-07,7.542462846205888e-05
2000,2,-1.871425200878129e-06,1.947307101508642e-07,2.045775058523943e-06,1.426328552426037e-06,-2.881337982724858e-06,3.89841877434065e-06,7.828380029659885e-06,9.723326203573771e-06
2000,3,-8.766997715454624e-08,-1.804475204046551e-08,1.438036282199577e-24,9.664556384349425e-08,0,7.512836375694981e-07,1.502567275138996e-06,1.685077898311942e-06
2050,0,-5.431774346211108e-05,-5.739624745644546e-05,-9.773606957576536e-07,0.0006546566995761047,-0.0006584358479294019,1.009023731975065e-05,2.127503765681763e-05,0.0009321551919963131
2050,1,-3.696711534327568e-06,-2.824949846458248e-07,3.517190243814204e-05,4.393378691666928e-06,6.638711903897232e-05,3.431313208230429e-06,6.955132176817547e-07,7.542955124017764e-05
2050,2,-1.89946617949014e-06,1.819779833301882e-07,2.045773335881102e-06,1.426323876372007e-06,-2.883757322033746e-06,3.829094019411967e-06,7.689732942923914e-06,9.590134833823963e-06
2050,3,-9.54188708193574e-08,-2.36990289410834e-08,1.401931758029406e-24,9.664417245226996e-08,0,7.321453928203545e-07,1.464290785640709e-06,1.642921447328061e-06
2100,0,-5.436151361880418e-05,-5.740127978943494e-05,-9.773606957576536e-07,0.0006546566935948096,-0.0006584358479294019,9.984565360311172e-06,2.106369373793869e-05,0.0009321521117095862
2100,1,-3.713543211130489e-06,-2.868298872003725e-07,3.517190243814204e-05,4.393376716078701e-06,6.638711903897232e-05,3.390873612808088e-06,6.146340268370742e-07,7.542786307321954e-05
2100,2,-1.932149022215734e-06,1.676018932504602e-07,2.045773335881102e-06,1.426320978496848e-06,-2.883757322033746e-06,3.750293735935035e-06,7.532132375970049e-06,9.438996124667373e-06
2100,3,-1.027119728844368e-07,-2.958431743839716e-08,1.368754277144472e-24,9.664377880189269e-08,0,7.145587118176313e-07,1.429117423635263e-06,1.604286683970662e-06
2150,0,-5.437926759966221e-05,-5.740537292481849e-05,-9.773605621879389e-07,0.0006546566931298823,-0.0006584356434456527,9.942727872723744e-06,2.098001741781947e-05,0.0009321509202950069
2150,1,-3.739405165286593e-06,-2.925184858583698e-07,3.517190242540547e-05,4.393371657829629e-06,6.638701179677903e-05,3.329938081167029e-06,4.927629648764291e-07,7.542545850752546e-05
2150,2,-1.943316840131086e-06,1.601006719574341e-07,2.045771745570225e-06,1.426316972764584e-06,-2.886897152852814e-06,3.724248168529812e-06,7.480042114637222e-06,9.390255818494077e-06
2150,3,-1.092995565073593e-07,-3.539539979109687e-08,1.339492074693542e-24,9.66425157271874e-08,0,6.990474371151772e-07,1.398094874230354e-06,1.570310669871298e-06
2200,0,-5.440391298316389e-05,-5.741033651355524e-05,-9.773605621879389e-07,0.0006546566893968637,-0.0006584356434456527,9.885992039859276e-06,2.086654574743576e-05,0.0009321495109809061
2200,1,-3.761978889525739e-06,-2.988708187235443e-07,3.517190242540547e-05,4.393368958589244e-06,6.638701179677903e-05,3.278075112688497e-06,3.890370280343528e-07,7.54237275764023e-05
2200,2,-1.967997560197162e-06,1.482583508333387e-07,2.045771745570225e-06,1.426313316599145e-06,-2.886897152852814e-06,3.667480216350012e-06,7.366506212228565e-06,9.282486021044457e-06
2200,3,-1.152591172747946e-07,-4.107978785685387e-08,1.313628651843335e-24,9.664173860493025e-08,0,6.85337783604031e-07,1.370675567208062e-06,1.540373729619647e-06
2250,0,-5.44143219229004e-05,-5.741331196555873e-05,-9.773605621879389e-07,0.0006546566878368773,-0.0006584356434456527,9.862533498111705e-06,2.081962866394062e-05,0.0009321490031367299
2250,1,-3.789644404381752e-06,-3.077120481208976e-07,3.517190242540547e-05,4.39336663926118e-06,6.638701179677903e-05,3.215904406372997e-06,2.646956154033502e-07,7.542193263428655e-05
2250,2,-1.993106376893405e-06,1.342141071194594e-07,2.045771745570225e-06,1.426311260600722e-06,-2.886897152852814e-06,3.611047654324132e-06,7.253641088176802e-06,9.176011207070812e-06
2250,3,-1.206516280935224e-07,-4.659788845214741e-08,1.290760060473036e-24,9.664130583601774e-08,0,6.732156269277625e-07,1.346431253855525e-06,1.513989472308909e-06
2300,0,-5.441463418326331e-05,-5.741343113486291e-05,-9.773605621879389e-07,0.0006546566877819773,-0.0006584356434456527,9.861839345499834e-06,2.081824035871688e-05,0.0009321489903153434
2300,1,-3.81472293538025e-06,-3.176583176904903e-07,3.517190242540547e-05,4.393364530118838e-06,6.638701179677903e-05,3.160762299235075e-06,1.544114011275082e-07,7.542060054451971e-05
2300,2,-2.023512618258949e-06,1.170513157619214e-07,2.045771745570225e-06,1.426308304978426e-06,-2.886897152852814e-06,3.544196689359277e-06,7.119939158247093e-06,9.050794479146786e-06
2300,3,-1.255408706884354e-07,-5.192247448101719e-08,1.270483970760567e-24,9.664094876632072e-08,0,6.624677005558809e-07,1.324935401111762e-06,1.490675416697706e-06
2350,0,-5.442810652203119e-05,-5.741392541562378e-05,-9.773605621879389e-07,0.0006546566857892191,-0.0006584356434456527,9.833011694798779e-06,2.076058505655509e-05,0.0009321482155022176
2350,1,-3.803121671844401e-06,-3.089242202532711e-07,3.51719015296848e-05,4.393365634659504e-06,6.638564239831259e-05,3.185894953509279e-06,2.046776687379809e-07,7.541994977244334e-05
2350,2,-2.036576761900401e-06,1.118016371409319e-07,2.045771403317304e-06,1.426305344991889e-06,-2.887420397029105e-06,3.516103714756761e-06,7.06375351074572e-06,8.99869255101217e-06
2350,3,-1.299802628113361e-07,-5.703500611826363e-08,1.2524695047142e-24,9.664037272060519e-08,0,6.529186130621488e-07,1.305837226124298e-06,1.470034284871612e-06
2400,0,-5.444381934907021e-05,-5.741526070823876e-05,-9.773605621879389e-07,0.0006546566830013099,-0.0006584356434456527,9.7998169520681e-06,2.069419557109374e-05,0.000932147387574398
2400,1,-3.815106443444352e-06,-3.10590508245006e-07,3.517190151158363e-05,4.393364385933178e-06,6.638533818900644e-05,3.160639346675959e-06,1.541665635444591e-07,7.541911127217408e-05
2400,2,-2.055137879075519e-06,9.977920672583895e-08,2.045771398786352e-06,1.426302918651628e-06,-2.887496544453611e-06,3.477033316174644e-06,6.985612736342658e-06,8.926323459416257e-06
2400,3,-1.338570692966111e-07,-6.173032284347246e-08,1.237066747166395e-24,9.663932805896318e-08,0,6.44753937012903e-07,1.289507874025806e-06,1.452448175996279e-06
2450,0,-5.446366296891951e-05,-5.741612501802031e-05,-9.773605621879389e-07,0.000654656680205513,-0.0006584356434456527,9.758896478584996e-06,2.061235462358219e-05,0.0009321463554349969
2450,1,-3.822522313185154e-06,-3.105227928184234e-07,3.517190145487423e-05,4.393363364631353e-06,6.638438512779177e-05,3.145361143856243e-06,1.236101579157064e-07,7.541795250360572e-05
2450,2,-2.07229714291226e-06,8.934824832177992e-08,2.045771350524086e-06,1.426299819429292e-06,-2.8883076427036e-06,3.44161523527271e-06,6.914776574015401e-06,8.861325052532668e-06
2450,3,-1.373883506083439e-07,-6.620819204641731e-08,1.223323330888706e-24,9.663847112940552e-08,0,6.374688426803456e-07,1.274937685360691e-06,1.43681268946939e-06
2500,0,-5.44755902840311e-05,-5.741612469999924e-05,-9.773605621879389e-07,0.0006546566788097367,-0.0006584356434456527,9.734914273757603e-06,2.056439021373141e-05,0.0009321457412425878
2500,1,-3.829949366205031e-06,-3.106693778037204e-07,3.517190136086224e-05,4.393362746845695e-06,6.638280533390932e-05,3.130404825690923e-06,9.36976594812455e-08,7.541627388566339e-05
2500,2,-2.08595781781366e-06,8.166593571259102e-08,2.045771280880256e-06,1.426297850281429e-06,-2.889477991600425e-06,3.413978419066425e-06,6.859503012947002e-06,8.811044678616102e-06
2500,3,-1.407381747528387e-07,-7.064030541781913e-08,1.210548895646931e-24,9.663800840242113e-08,0,6.306973847035871e-07,1.261394769407174e-06,1.422333345812434e-06
2550,0,-5.448526373311151e-05,-5.74170431146774e-05,-9.773605621879389e-07,0.0006546566773343996,-0.0006584356434456527,9.715739963384128e-06,2.052604159298445e-05,0.0009321453168699009
2550,1,-3.847741679642898e-06,-3.125087418027733e-07,3.517190136086224e-05,4.393361095620614e-06,6.638280533390932e-05,3.095156393101082e-06,2.320079430156487e-08,7.54156775490084e-05
2550,2,-2.09613730549216e-06,7.451316920835923e-08,2.045771280880256e-06,1.426296615312002e-06,-2.889477991600425e-06,3.393821307141626e-06,6.819188789097404e-06,8.774240015778561e-06
2550,3,-1.436662670004937e-07,-7.467062140679628e-08,1.199605359251383e-24,9.663772154746839e-08,0,6.248964474866329e-07,1.249792894973266e-06,1.409976027316809e-06
2600,0,-5.449004538554286e-05,-5.741783604518524e-05,-9.773605621879389e-07,0.0006546566766414886,-0.0006584356434456527,9.706421926328074e-06,2.050740551887234e-05,0.0009321451374730201
2600,1,-3.861956302840979e-06,-3.14849709555252e-07,3.517190136086224e-05,4.393359772791122e-06,6.638280533390932e-05,3.06754702001382e-06,-3.201795187295731e-08,7.541528894146729e-05
2600,2,-2.109647496191378e-06,6.674413720915088e-08,2.045771280880256e-06,1.426295017803676e-06,-2.889477991600425e-06,3.3676043375568e-06,6.766754849927751e-06,8.726590295574767e-06
2600,3,-1.464445243313994e-07,-7.863738932160164e-08,1.189425213488675e-24,9.663745019861952e-08,0,6.19500167500491e-07,1.239000335000982e-06,1.398524551859044e-06
2650,0,-5.449287879240633e-05,-5.741794665183507e-05,-9.773605621879389e-07,0.0006546566763499626,-0.0006584356434456527,9.70102063754111e-06,2.049660294096945e-05,0.0009321450158925195
2650,1,-3.870491353728467e-06,-3.149911582725791e-07,3.517190133374912e-05,4.393358976592696e-06,6.638234975066284e-05,3.051343636384779e-06,-6.442469235141551e-08,7.54146893928821e-05
2650,2,-2.124953163308706e-06,5.884836102138485e-08,2.045771244391019e-06,1.426293188223048e-06,-2.890091122236788e-06,3.338426907049538e-06,6.708400026218827e-06,8.674026351084958e-06
2650,3,-1.488767055268431e-07,-8.222921895300214e-08,1.180683057459214e-24,9.663715394346787e-08,0,6.148661354623327e-07,1.229732270924665e-06,1.388728368008791e-06
2700,0,-5.449345706535654e-05,-5.741795816739522e-05,-9.773605621879389e-07,0.000654656676202894,-0.0006584356434456527,9.699947944564692e-06,2.049445755353986e-05,0.0009321449919695797
2700,1,-3.868213329539404e-06,-3.149208087529517e-07,3.517190072143025e-05,4.393360547492313e-06,6.638320856926032e-05,3.055383056259363e-06,-5.634582590470413e-08,7.541548506215092e-05
2700,2,-2.132592669046368e-06,5.659659865022129e-08,2.045771214214123e-06,1.426292430549239e-06,-2.890141792427494e-06,3.324089829705218e-06,6.679726173246064e-06,8.648229827613999e-06
2700,3,-1.511904225834778e-07,-8.575379687000786e-08,1.172520217195344e-24,9.66369075886351e-08,0,6.105391864605459e-07,1.221078372921092e-06,1.379616410632468e-06
2750,0,-5.449936107774076e-05,-5.741826255183036e-05,-9.773605621879389e-07,0.0006546566756500721,-0.0006584356434456527,9.689110749861657e-06,2.047278316405802e-05,0.0009321447665017068
2750,1,-3.879844300715747e-06,-3.162190468907916e-07,3.517190051758305e-05,4.393359448327388e-06,6.638272969391624e-05,3.034042555223731e-06,-9.902682832399258e-08,7.541484868180514e-05
2750,2,-2.140808690564366e-06,5.189133735638352e-08,2.045770963512944e-06,1.426291560068021e-06,-2.890562746135968e-06,3.308992274631531e-06,6.649531063101814e-06,8.621269467545873e-06
2750,3,-1.532982753877048e-07,-8.906229742479004e-08,1.165222683432112e-24,9.663671957338599e-08,0,6.066709181358451e-07,1.21334183627169e-06,1.371502506081661e-06
2800,0,-5.450187898785083e-05,-5.741854692557916e-05,-9.773605621879389e-07,0.0006546566754479485,-0.0006584356434456527,9.684571129775007e-06,2.046370392388472e-05,0.0009321446845540789
2800,1,-3.891205444091182e-06,-3.182055886339854e-07,3.517190051758305e-05,4.393358584815365e-06,6.638272969391624e-05,3.013565454582815e-06,-1.399810296058268e-07,7.541468619129529e-05
2800,2,-2.149629051586255e-06,4.681101242605365e-08,2.045770963512944e-06,1.426290857857503e-06,-2.890562746135968e-06,3.293091458613545e-06,6.617729431065839e-06,8.592830031113506e-06
2800,3,-1.551467064850066e-07,-9.204387072510858e-08,1.158937694689198e-24,9.66365817056559e-08,0,6.033393785138142e-07,1.206678757027628e-06,1.364541399856427e-06
2850,0,-5.450294937862849e-05,-5.741872601968058e-05,-9.773605621879389e-07,0.0006546566753626428,-0.0006584356434456527,9.682667662866825e-06,2.045989699006836e-05,0.0009321446547702958
2850,1,-3.898121408875283e-06,-3.194066487250682e-07,3.517190050160212e-05,4.393358070441162e-06,6.638246151692018e-05,3.001306595681486e-06,-1.644987319113541e-07,7.541437296241852e-05
2850,2,-2.159917174613725e-06,4.163968885223607e-08,2.045770941834497e-06,1.426290084931019e-06,-2.890926533330001e-06,3.274881809367336e-06,6.581310155408867e-06,8.560514509410656e-06
2850,3,-1.569058092659467e-07,-9.495510371954284e-08,1.153061561527604e-24,9.663644876469243e-08,0,6.002245645892461e-07,1.200449129178492e-06,1.358058226886974e-06
2900,0,-5.450274794755539e-05,-5.741858118679874e-05,-9.773605286357329e-07,0.0006546566753767492,-0.0006584355922631221,9.683017741284711e-06,2.046059714698426e-05,0.0009321446169320287
2900,1,-3.891999324319059e-06,-3.188940345689176e-07,3.517190035954667e-05,4.393358479770853e-06,6.638224481708145e-05,3.011977457837807e-06,-1.431568479620965e-07,7.541424570214845e-05
2900,2,-2.168760872976345e-06,3.702749816286137e-08,2.045770712490332e-06,1.426288956926927e-06,-2.891276388558479e-06,3.259491723586478e-06,6.550530219294159e-06,8.533322000344223e-06
2900,3,-1.584453963790179e-07,-9.756708023595147e-08,1.148009974349396e-24,9.663618364865346e-08,0,5.975468250535439e-07,1.195093650107088e-06,1.352506514375255e-06
2950,0,-5.450276373928175e-05,-5.741858647197262e-05,-9.773605286357329e-07,0.0006546566753687004,-0.0006584355922631221,9.68299076532576e-06,2.046054319506636e-05,0.0009321446167108134
2950,1,-3.901787033454055e-06,-3.194125941265392e-07,3.517190035954667e-05,4.39335768618312e-06,6.638224481708145e-05,2.995232535728456e-06,-1.766466921807984e-07,7.541415770312774e-05
2950,2,-2.176085491951535e-06,3.227158892878311e-08,2.045770712490332e-06,1.4262873984027e-06,-2.891276388558479e-06,3.246973031264204e-06,6.52549283464961e-06,8.511182810309957e-06
2950,3,-1.598526025925822e-07,-1.000094855497411e-07,1.14347117151786e-24,9.663604790385317e-08,0,5.951409016560045e-07,1.190281803312009e-06,1.347537287658353e-06
3000,0,-5.450038220164527e-05,-5.741331998365495e-05,-9.773604225734453e-07,0.0006546566755773533,-0.000658435414406697,9.687014005202824e-06,2.046858914293361e-05,0.0009321442460315982
3000,1,-3.898081219218721e-06,-3.184082618339568e-07,3.517190022207515e-05,4.393357881132989e-06,6.638201429037519e-05,3.001523722080858e-06,-1.640641806856629e-07,7.541398055184017e-05
3000,2,-2.182583123667185e-06,2.900204163870099e-08,2.045770554204094e-06,1.426286437864572e-06,-2.891541819610721e-06,3.236037881131275e-06,6.503622638565242e-06,8.491998767130948e-06
3000,3,-1.603486147178921e-07,-1.00883463657277e-07,1.141889977132293e-24,9.663600225926342e-08,0,5.943027439502188e-07,1.188605487900438e-06,1.345810694617889e-06
3050,0,-5.450089538235337e-05,-5.741334246917376e-05,-9.773604225734453e-07,0.0006546566755358027,-0.000658435414406697,9.68616053754382e-06,2.04668822076156e-05,0.0009321442310426665
3050,1,-3.885134636610152e-06,-3.16887592717482e-07,3.517190021301978e-05,4.39335957187139e-06,6.638242948738061e-05,3.022718762886711e-06,-1.216743604817133e-07,7.541443787385773e-05
3050,2,-2.188462924903772e-06,2.691845328918706e-08,2.045770510993036e-06,1.426285704067597e-06,-2.892069090078038e-06,3.226315980237912e-06,6.484178933624681e-06,8.475099842448324e-06
3050,3,-1.624223075299564e-07,-1.01044142429394e-07,1.13543166903974e-24,9.663579469078656e-08,0,5.908793314061822e-07,1.181758662812364e-06,1.338514595711698e-06
3100,0,-5.450184785246013e-05,-5.74133430355749e-05,-9.773604225734453e-07,0.0006546566754496763,-0.000658435414406697,9.684613478597968e-06,2.04637880897239e-05,0.0009321442027005271
3100,1,-3.894007613121914e-06,-3.171637402426109e-07,3.517189975269521e-05,4.393358572384469e-06,6.638133478047244e-05,3.00827927908703e-06,-1.505530673374173e-07,7.541340754516129e-05
3100,2,-2.191357378617283e-06,2.585786593525418e-08,2.045770421566166e-06,1.426285116037158e-06,-2.892205320159641e-06,3.221608229418322e-06,6.4747634319855e-06,8.466897562745609e-06
3100,3,-1.646560080974398e-07,-1.013445367972912e-07,1.128576161656496e-24,9.663547797403162e-08,0,5.872453719178455e-07,1.174490743835691e-06,1.330791631300391e-06
3150,0,-5.450195809769202e-05,-5.741335072509889e-05,-9.773604225734453e-07,0.0006546566754409055,-0.000658435414406697,9.684435843173324e-06,2.046343281887461e-05,0.0009321441999690565
3150,1,-3.900093240609122e-06,-3.177597648488703e-07,3.517189975269521e-05,4.393358119918609e-06,6.638133478047244e-05,2.998539472888199e-06,-1.700326797350788e-07,7.54133780151566e-05
3150,2,-2.196123495105401e-06,2.453891378884364e-08,2.045770421566166e-06,1.426284345153227e-06,-2.892205320159641e-06,3.213981606200095e-06,6.459510185549048e-06,8.453568798512985e-06
3150,3,-1.667745143995332e-07,-1.01762226977707e-07,1.122179673548795e-24,9.663515879545584e-08,0,5.838547288404523e-07,1.167709457680905e-06,1.323608463766712e-06
3200,0,-5.450195809769202e-05,-5.741335072509889e-05,-9.773604225734453e-07,0.0006546566754409055,-0.000658435414406697,9.684435843173324e-06,2.046343281887461e-05,0.0009321441999690565
3200,1,-3.905793279847906e-06,-3.186636514734141e-07,3.517189975269521e-05,4.393357690453119e-06,6.638133478047244e-05,2.989560324881809e-06,-1.879909757478603e-07,7.541336294356465e-05
3200,2,-2.200556926281804e-06,2.306977843688819e-08,2.045770421566166e-06,1.426283640676116e-06,-2.892205320159641e-06,3.206998110715141e-06,6.445543194579139e-06,8.441395631717243e-06
3200,3,-1.687060461914211e-07,-1.022587181980371e-07,1.116439598327485e-24,9.663487575431386e-08,0,5.808120363527701e-07,1.16162407270554e-06,1.317182592711564e-06
3250,0,-5.450197471928847e-05,-5.741335458617515e-05,-9.773604225734453e-07,0.0006546566754400355,-0.000658435414406697,9.684410160854957e-06,2.046338145423788e-05,0.0009321441997836812
3250,1,-3.910470657687622e-06,-3.196773623720225e-07,3.517189975269521e-05,4.393357334621487e-06,6.638133478047244e-05,2.982303760480919e-06,-2.025041045496374e-07,7.541335986503492e-05
3250,2,-2.205950038772771e-06,2.110146463954697e-08,2.045770421566166e-06,1.426282832688059e-06,-2.892205320159641e-06,3.198637544573889e-06,6.428822062296635e-06,8.426862230162338e-06
3250,3,-1.69626821734656e-07,-1.025464420227931e-07,1.113743805341763e-24,9.663474029366524e-08,0,5.793830534998015e-07,1.158766106999603e-06,1.314173092811114e-06
3300,0,-5.450198527653547e-05,-5.741335868032562e-05,-9.773604225734453e-07,0.0006546566754385912,-0.000658435414406697,9.68439411152842e-06,2.04633493555848e-05,0.0009321441997807092
3300,1,-3.914293495665142e-06,-3.207306385741371e-07,3.517189975269521e-05,4.393357023730825e-06,6.638133478047244e-05,2.976465157046134e-06,-2.141813114192087e-07,7.541336423716134e-05
3300,2,-2.211364577389834e-06,1.889614286355471e-08,2.045770421566166e-06,1.426282045528112e-06,-2.892205320159641e-06,3.190368835967234e-06,6.412284645083326e-06,8.412529152552313e-06
3300,3,-1.703700023219797e-07,-1.028217170929046e-07,1.111602156206839e-24,9.663463497584611e-08,0,5.782478105834904e-07,1.156495621166981e-06,1.311788530250604e-06
3350,0,-5.450200004342663e-05,-5.741336494962263e-05,-9.773604225734453e-07,0.000654656675436604,-0.000658435414406697,9.684371891090735e-06,2.046330491470943e-05,0.0009321441998224046
3350,1,-3.917784030077385e-06,-3.218912538335181e-07,3.517189975269521e-05,4.393356765068953e-06,6.638133478047244e-05,2.971214559304283e-06,-2.246825069029083e-07,7.541337392656512e-05
3350,2,-2.216225003280332e-06,1.665683194314798e-08,2.045770421566166e-06,1.426281370614937e-06,-2.892205320159641e-06,3.183058163394015e-06,6.397663299936885e-06,8.399892408001536e-06
3350,3,-1.710489650267612e-07,-1.031107786650712e-07,1.109675410257746e-24,9.66345390298737e-08,0,5.772264833013645e-07,1.154452966602729e-06,1.309648762214305e-06
3400,0,-5.450199884011735e-05,-5.741336451875881e-05,-9.773604225734453e-07,0.0006546566754370213,-0.000658435414406697,9.68437368707473e-06,2.046330850667742e-05,0.0009321441998233161
3400,1,-3.920878357270512e-06,-3.230821680755204e-07,3.517189975269521e-05,4.393356542295705e-06,6.638133478047244e-05,2.966628998394352e-06,-2.338536287227736e-07,7.541338717676163e-05
3400,2,-2.220770522338228e-06,1.432494019718141e-08,2.045770421566166e-06,1.426280748860186e-06,-2.892205320159641e-06,3.176322488980997e-06,6.38419195111085e-06,8.388281310597361e-06
3400,3,-1.716690576664394e-07,-1.034081848976165e-07,1.10794226063958e-24,9.663445426962829e-08,0,5.76307777340222e-07,1.152615554680444e-06,1.307728950100145e-06
3450,0,-5.450199314608155e-05,-5.74133620846732e-05,-9.773604225734453e-07,0.0006546566754373415,-0.000658435414406697,9.684382026318724e-06,2.046332518516541e-05,0.0009321441997934729
3450,1,-3.923216168827057e-06,-3.241020764406107e-07,3.517189975269521e-05,4.393356368899771e-06,6.638133478047244e-05,2.963214072260865e-06,-2.406834809897462e-07,7.541340035480643e-05
3450,2,-2.225480757977095e-06,1.173376212114729e-08,2.045770421566166e-06,1.426280135368368e-06,-2.892205320159641e-06,3.169445677837722e-06,6.370438328824299e-06,8.376459630875023e-06
3450,3,-1.722124635982515e-07,-1.036962247525432e-07,1.106445224094412e-24,9.663438070881815e-08,0,5.755142299259208e-07,1.151028459851842e-06,1.306074801616513e-06
3500,0,-5.450190714003814e-05,-5.741328305129358e-05,-9.773604225734453e-07,0.0006546566754466201,-0.000658435414406697,9.684506093296706e-06,2.046357331912138e-05,0.0009321441966396739
3500,1,-3.924729532214784e-06,-3.240175248155278e-07,3.517189974355609e-05,4.393356304119467e-06,6.638125825848917e-05,2.961043206943933e-06,-2.450252021575008e-07,7.541334008414195e-05
3500,2,-2.228367485451909e-06,1.010112320003352e-08,2.045770409309589e-06,1.426279724918767e-06,-2.892307944816399e-06,3.165285648768968e-06,6.362118283019739e-06,8.369360885833226e-06
3500,3,-1.727774600491959e-07,-1.038234461370004e-07,1.104913400480385e-24,9.663428678261242e-08,0,5.747022426220694e-07,1.149404485244139e-06,1.304370684439427e-06
3550,0,-5.450186737835223e-05,-5.741321880471312e-05,-9.773604225734453e-07,0.000654656675451106,-0.000658435414406697,9.684562821810752e-06,2.046368677614947e-05,0.0009321441934410021
3550,1,-3.928281575000367e-06,-3.242347790028229e-07,3.517189974355609e-05,4.393356071596817e-06,6.638125825848917e-05,2.956002155140502e-06,-2.551073057643647e-07,7.541336161401298e-05
3550,2,-2.230196445589326e-06,8.819517125924637e-09,2.045770409309589e-06,1.42627949502774e-06,-2.892307944816399e-06,3.162692057555904e-06,6.356931100593611e-06,8.364923373923665e-06
3550,3,-1.738045183899399e-07,-1.038873379409937e-07,1.102164175278305e-24,9.663409836613099e-08,0,5.73244936481157e-07,1.146489872962314e-06,1.301302241821895e-06
3600,0,-5.450186737835223e-05,-5.741321880471312e-05,-9.773604225734453e-07,0.000654656675451106,-0.000658435414406697,9.684562821810752e-06,2.046368677614947e-05,0.0009321441934410021
3600,1,-3.930264685076973e-06,-3.243023405968847e-07,3.517189974052111e-05,4.393355924420011e-06,6.638120744059912e-05,2.953228753256069e-06,-2.606541064902706e-07,7.541333079796254e-05
3600,2,-2.232441533765165e-06,7.554897181672534e-09,2.045770404324197e-06,1.426279266668127e-06,-2.892391420493022e-06,3.159550648519999e-06,6.350648287530068e-06,8.359588714386655e-06
3600,3,-1.747610945006272e-07,-1.039997711488365e-07,1.099639608763499e-24,9.66339537524559e-08,0,5.719067171594422e-07,1.143813434318884e-06,1.298492194519609e-06
3650,0,-5.450187842662806e-05,-5.741321925160136e-05,-9.773604225734453e-07,0.0006546566754496513,-0.000658435414406697,9.684547606305718e-06,2.04636563451394e-05,0.0009321441932873467
3650,1,-3.93211056457621e-06,-3.243443108542721e-07,3.517189973588794e-05,4.393355761976769e-06,6.638112986705349e-05,2.950683272699448e-06,-2.657450631270341e-07,7.541327703559678e-05
3650,2,-2.234399573825841e-06,6.611648586561982e-09,2.045770399806539e-06,1.426279034773831e-06,-2.892467059871085e-06,3.156849144552552e-06,6.345245284497854e-06,8.355012478597134e-06
3650,3,-1.756345876986399e-07,-1.041492093649976e-07,1.097366118164743e-24,9.663382159134155e-08,0,5.707015878712455e-07,1.141403175742491e-06,1.295968430817887e-06
3700,0,-5.450183250715011e-05,-5.741315320715731e-05,-9.773604225734453e-07,0.0006546566754732196,-0.000658435414406697,9.684609809572273e-06,2.04637807516725e-05,0.0009321441899285779
3700,1,-3.934016428086957e-06,-3.244563132438085e-07,3.517189973588794e-05,4.393355599601324e-06,6.638112986705349e-05,2.948088282336114e-06,-2.709350438537027e-07,7.541329388348331e-05
3700,2,-2.23705060860399e-06,5.558931129421335e-09,2.045770399806539e-06,1.426278576325308e-06,-2.892467059871085e-06,3.153242549640552e-06,6.338032094673852e-06,8.34888187337674e-06
3700,3,-1.759855218907861e-07,-1.042276728145189e-07,1.096465251733707e-24,9.663376809182896e-08,0,5.702240576270526e-07,1.140448115254105e-06,1.294970955780256e-06
3750,0,-5.450182011798534e-05,-5.74131436545959e-05,-9.773604225734453e-07,0.0006546566754742095,-0.000658435414406697,9.684626372141454e-06,2.046381387681087e-05,0.000932144189515811
3750,1,-3.93530918553126e-06,-3.245894318708866e-07,3.517189973588794e-05,4.393355491362141e-06,6.638112986705349e-05,2.946351955529772e-06,-2.744076974663875e-07,7.541330659801854e-05
3750,2,-2.239854063296871e-06,4.445664849029911e-09,2.045770399806539e-06,1.426278133877993e-06,-2.892467059871085e-06,3.149479532695108e-06,6.330506060782964e-06,8.342499975284451e-06
3750,3,-1.76292022213354e-07,-1.043116136400533e-07,1.095688930323287e-24,9.66337204287495e-08,0,5.698125460644962e-07,1.139625092128992e-06,1.294113423940377e-06
3800,0,-5.450182337534708e-05,-5.741314410945462e-05,-9.773604225734453e-07,0.0006546566754739683,-0.000658435414406697,9.684622030150335e-06,2.046380519282863e-05,0.0009321441894983579
3800,1,-3.936216492474115e-06,-3.247406086830013e-07,3.517189973588794e-05,4.393355412264609e-06,6.638112986705349e-05,2.945149718783419e-06,-2.768121709590943e-07,7.541331642236034e-05
3800,2,-2.242732971409526e-06,3.24615751305927e-09,2.045770399806539e-06,1.426277706176828e-06,-2.892467059871085e-06,3.145665848071406e-06,6.322878691535559e-06,8.336047061436502e-06
3800,3,-1.765725918408326e-07,-1.044020961693933e-07,1.094987565739294e-24,9.663367884443249e-08,0,5.694407675304941e-07,1.138881535060988e-06,1.293340513704551e-06
3850,0,-5.450182743910623e-05,-5.741314418165147e-05,-9.773604225734453e-07,0.0006546566754737403,-0.000658435414406697,9.684616719435282e-06,2.046379457139853e-05,0.0009321441894518962
3850,1,-3.935887693613928e-06,-3.245361278581309e-07,3.517189973274489e-05,4.393355497628952e-06,6.638112460494897e-05,2.945589113941783e-06,-2.759333773365789e-07,7.541330769332755e-05
3850,2,-2.243251529579434e-06,2.662706411453326e-09,2.045770370412831e-06,1.426277527762403e-06,-2.892516270976297e-06,3.144993685992665e-06,6.321534398343324e-06,8.334930192980578e-06
3850,3,-1.769367983021738e-07,-1.044288540267783e-07,1.094091010084533e-24,9.663362175323341e-08,0,5.689655223376432e-07,1.137931044675286e-06,1.292346277529615e-06
3900,0,-5.450183620663486e-05,-5.741314478784653e-05,-9.773604225734453e-07,0.0006546566754724911,-0.000658435414406697,9.684605409486161e-06,2.046377195150028e-05,0.0009321441893868966
3900,1,-3.937042162398865e-06,-3.246234479657822e-07,3.517189973274489e-05,4.393355360826424e-06,6.638112460494897e-05,2.944098471334526e-06,-2.789146625510943e-07,7.541332108138388e-05
3900,2,-2.244940577552188e-06,1.719616260448607e-09,2.045770370412831e-06,1.426277291779629e-06,-2.892516270976297e-06,3.142814291325168e-06,6.31717560900833e-06,8.331257059891731e-06
3900,3,-1.774883525448176e-07,-1.044659647531572e-07,1.092748132531996e-24,9.663353058605251e-08,0,5.682536913452871e-07,1.136507382690574e-06,1.290858079322484e-06
3950,0,-5.450175675106091e-05,-5.741302108244547e-05,-9.773604225734453e-07,0.0006546566754885375,-0.000658435414406697,9.684706561024746e-06,2.046397425457745e-05,0.0009321441826253324
3950,1,-3.937936906356491e-06,-3.247290188450633e-07,3.517189972069214e-05,4.393355208025454e-06,6.63811044382279e-05,2.942958001182659e-06,-2.811955903482193e-07,7.541331444218659e-05
3950,2,-2.246090676523211e-06,1.348041979587204e-09,2.045770370412831e-06,1.4262771173342e-06,-2.892516270976297e-06,3.141346538793631e-06,6.314240103945254e-06,8.32878769769021e-06
3950,3,-1.779922012064808e-07,-1.045250106372995e-07,1.091536977888322e-24,9.663341861134067e-08,0,5.676116838813347e-07,1.135223367762669e-06,1.289519227279916e-06
4000,0,-5.450175727191191e-05,-5.741302110337583e-05,-9.773604225734453e-07,0.0006546566754884802,-0.000658435414406697,9.684705906689321e-06,2.04639729459066e-05,0.0009321441826215066
4000,1,-3.938451797937292e-06,-3.248181234110555e-07,3.517189972069214e-05,4.393355083145445e-06,6.63811044382279e-05,2.942310016034398e-06,-2.824915606447417e-07,7.541332126606151e-05
4000,2,-2.248034014225411e-06,5.903054803169631e-10,2.045770370412831e-06,1.426276621945147e-06,-2.892516270976297e-06,3.138902084456668e-06,6.309351195271329e-06,8.324684250305357e-06
4000,3,-1.783799300160128e-07,-1.04587940154417e-07,1.090615786268332e-24,9.663330464744837e-08,0,5.671233796843005e-07,1.134246759368601e-06,1.288503267806514e-06
4050,0,-5.450175842741289e-05,-5.741302141109167e-05,-9.773604225734453e-07,0.0006546566754885603,-0.000658435414406697,9.684704459441655e-06,2.046397005141127e-05,0.0009321441826294957
4050,1,-3.93888221085413e-06,-3.24909987353088e-07,3.517189972069214e-05,4.393355063599433e-06,6.63811044382279e-05,2.941775180454275e-06,-2.835612318049864e-07,7.541332728948897e-05
4050,2,-2.250036762973629e-06,-2.325015254810252e-10,2.045770370412831e-06,1.426276546549901e-06,-2.892516270976297e-06,3.136413729281539e-06,6.304374484921071e-06,8.320515956940372e-06
4050,3,-1.785344667768223e-07,-1.046208923882209e-07,1.09025350219254e-24,9.663330464744837e-08,0,5.669313405570555e-07,1.133862681114111e-06,1.288104734502431e-06
4100,0,-5.450174085849894e-05,-5.741301427237155e-05,-9.773604225734453e-07,0.0006546566754896935,-0.000658435414406697,9.684725997839788e-06,2.046401312820754e-05,0.0009321441823328318
4100,1,-3.939268417997341e-06,-3.250103877041497e-07,3.517189972069214e-05,4.39335504600324e-06,6.63811044382279e-05,2.94130117544586e-06,-2.845092418218155e-07,7.54133329756489e-05
4100,2,-2.251873828803965e-06,-1.067834788963403e-09,2.045770370412831e-06,1.426276477292597e-06,-2.892516270976297e-06,3.134159256903683e-06,6.299865540165358e-06,8.316747460932143e-06
4100,3,-1.786679623363536e-07,-1.046554878656303e-07,1.089944342012368e-24,9.663330464744837e-08,0,5.667674612834518e-07,1.133534922566904e-06,1.287765422474664e-06
4150,0,-5.450173031036514e-05,-5.741300985616723e-05,-9.773604225734453e-07,0.0006546566754901668,-0.000658435414406697,9.684738827380054e-06,2.046403878728807e-05,0.000932144182141026
4150,1,-3.939602938560873e-06,-3.251125305564832e-07,3.517189972069214e-05,4.393355030467057e-06,6.63811044382279e-05,2.940895590467962e-06,-2.853204117776119e-07,7.541333813661564e-05
4150,2,-2.253583756525994e-06,-1.909806245006506e-09,2.045770370412831e-06,1.426276415335523e-06,-2.892516270976297e-06,3.132086231199764e-06,6.295719488757521e-06,8.313289519503945e-06
4150,3,-1.787900007082886e-07,-1.046926084887368e-07,1.089665118200029e-24,9.663330464744837e-08,0,5.666194506453629e-07,1.133238901290726e-06,1.287459673714403e-06
4200,0,-5.450168968952595e-05,-5.741295301442475e-05,-9.773604225734453e-07,0.0006546566754905584,-0.000658435414406697,9.684787544073953e-06,2.046413622067587e-05,0.0009321441789104017
4200,1,-3.93990457614941e-06,-3.252193829038536e-07,3.517189972069214e-05,4.393355016021557e-06,6.63811044382279e-05,2.940534290496859e-06,-2.860430117198189e-07,7.541334300329394e-05
4200,2,-2.255143863864992e-06,-2.740898936159308e-09,2.045770370412831e-06,1.42627635568141e-06,-2.892516270976297e-06,3.130217334394588e-06,6.291981695147171e-06,8.310178493929228e-06
4200,3,-1.789012568378834e-07,-1.047314811943198e-07,1.089413680537312e-24,9.663330351734647e-08,0,5.66486168857586e-07,1.132972337715172e-06,1.287185004470893e-06
4250,0,-5.450162253412381e-05,-5.741284820844125e-05,-9.773604225734453e-07,0.000654656675490875,-0.000658435414406697,9.684866808599151e-06,2.046429474972626e-05,0.0009321441728327442
4250,1,-3.940166891739609e-06,-3.253242707308547e-07,3.517189972069214e-05,4.393355001894363e-06,6.63811044382279e-05,2.940223720003545e-06,-2.866641527064464e-07,7.541334740912923e-05
4250,2,-2.256576683186433e-06,-3.551082401229173e-09,2.045770370412831e-06,1.426276303994266e-06,-2.892516270976297e-06,3.128521319849478e-06,6.288589666056948e-06,8.307361040410791e-06
4250,3,-1.789908376968536e-07,-1.047666909621251e-07,1.089213650617488e-24,9.663330351734647e-08,0,5.663801372271819e-07,1.132760274454364e-06,1.286967005828299e-06
4300,0,-5.450157487544214e-05,-5.74127895937539e-05,-9.773604225734453e-07,0.0006546566754913261,-0.000658435414406697,9.684922527561445e-06,2.046440618765085e-05,0.0009321441694617244
4300,1,-3.940384330186258e-06,-3.254183207988861e-07,3.517189972069214e-05,4.393354990557942e-06,6.63811044382279e-05,2.939969318962245e-06,-2.871729547890484e-07,7.541335119280866e-05
4300,2,-2.257902655060144e-06,-4.359330690952203e-09,2.045770370412831e-06,1.426276254875354e-06,-2.892516270976297e-06,3.126970101978585e-06,6.285487230315164e-06,8.304789334243079e-06
4300,3,-1.790671792729439e-07,-1.047999246197682e-07,1.089045182395673e-24,9.663330351734647e-08,0,5.662908357854466e-07,1.132581671570893e-06,1.286783830996742e-06
4350,0,-5.450153010349224e-05,-5.741273371532023e-05,-9.773604225734453e-07,0.0006546566754916807,-0.000658435414406697,9.684974241644477e-06,2.046450961581692e-05,0.0009321441662105167
4350,1,-3.940600171200377e-06,-3.255219023765307e-07,3.517189972069214e-05,4.393354980633833e-06,6.63811044382279e-05,2.939719741828449e-06,-2.87672109056641e-07,7.541335509051577e-05
4350,2,-2.259113867334654e-06,-5.146149492487895e-09,2.045770370412831e-06,1.42627621424709e-06,-2.892516270976297e-06,3.125569531412413e-06,6.282686089182817e-06,8.302472039398381e-06
4350,3,-1.791319142383481e-07,-1.048307726582132e-07,1.088903979116174e-24,9.663330351734647e-08,0,5.662159869130534e-07,1.132431973826107e-06,1.286630657229612e-06
4400,0,-5.450151609867559e-05,-5.741272493225081e-05,-9.773604225734453e-07,0.0006546566754924721,-0.000658435414406697,9.684990231615146e-06,2.046454159575825e-05,0.0009321441657194888
4400,1,-3.940797501815128e-06,-3.25624596947714e-07,3.517189972069214e-05,4.393354971297736e-06,6.63811044382279e-05,2.939494124358825e-06,-2.881233439958904e-07,7.541335877284683e-05
4400,2,-2.260239002818498e-06,-5.920882400019481e-09,2.045770370412831e-06,1.426276174039342e-06,-2.892516270976297e-06,3.124283441710028e-06,6.28011390977805e-06,8.300348406036674e-06
4400,3,-1.791866426694803e-07,-1.048589821933779e-07,1.088785921747866e-24,9.663330329339628e-08,0,5.661534071987089e-07,1.132306814397418e-06,1.286502878650771e-06
4450,0,-5.450148649919073e-05,-5.741270619342282e-05,-9.773604225734453e-07,0.0006546566754933585,-0.000658435414406697,9.685023673617591e-06,2.046460847976314e-05,0.0009321441646511515
4450,1,-3.940976611499512e-06,-3.257246697884528e-07,3.517189972069214e-05,4.393354962851069e-06,6.63811044382279e-05,2.939291697706346e-06,-2.885281973008474e-07,7.541336222214661e-05
4450,2,-2.261261798852486e-06,-6.659252878092045e-09,2.045770370412831e-06,1.426276139901664e-06,-2.892516270976297e-06,3.123127509198589e-06,6.277802044755171e-06,8.298443446455374e-06
4450,3,-1.792325371377489e-07,-1.048844047554495e-07,1.088688014595953e-24,9.663330329339628e-08,0,5.661015086879524e-07,1.132203017375905e-06,1.2863971496894e-06
4500,0,-5.450148365884525e-05,-5.741270454879748e-05,-9.773604225734453e-07,0.0006546566754936476,-0.000658435414406697,9.685026862150914e-06,2.046461485682979e-05,0.00093214416455712
4500,1,-3.94113397845089e-06,-3.258189727307901e-07,3.517189972069214e-05,4.393354954404385e-06,6.63811044382279e-05,2.9391158515832e-06,-2.888798895471389e-07,7.541336534577565e-05
4500,2,-2.262211229343211e-06,-7.38192785958894e-09,2.045770370412831e-06,1.426276108361111e-06,-2.892516270976297e-06,3.122066476173206e-06,6.275679978704405e-06,8.296698303505121e-06
4500,3,-1.792704668280627e-07,-1.049069410995639e-07,1.088608043755283e-24,9.663330329339628e-08,0,5.660591178364814e-07,1.132118235672963e-06,1.286310999059749e-06
4550,0,-5.450148365884525e-05,-5.741270454879748e-05,-9.773604225734453e-07,0.0006546566754936476,-0.000658435414406697,9.685026862150914e-06,2.046461485682979e-05,0.00093214416455712
4550,1,-3.941279203929803e-06,-3.259112597416221e-07,3.517189972069214e-05,4.393354947435633e-06,6.63811044382279e-05,2.938955377087462e-06,-2.892008385386128e-07,7.541336830987978e-05
4550,2,-2.263084471955302e-06,-8.07513543868481e-09,2.045770370412831e-06,1.426276080368861e-06,-2.892516270976297e-06,3.121101365237992e-06,6.273749756833978e-06,8.295114015023328e-06
4550,3,-1.792980888341677e-07,-1.049244238363445e-07,1.088550468808385e-24,9.663330329339628e-08,0,5.660285985746854e-07,1.132057197149371e-06,1.286249123111258e-06
4600,0,-5.450146972554967e-05,-5.741269505020124e-05,-9.773604225734453e-07,0.0006546566754940478,-0.000658435414406697,9.6850421135657e-06,2.046464535965935e-05,0.0009321441639858311
4600,1,-3.941411517615775e-06,-3.2599972720701e-07,3.517189972069214e-05,4.393354941386091e-06,6.63811044382279e-05,2.938810735484838e-06,-2.894901217438607e-07,7.541337108023527e-05
4600,2,-2.263884143688772e-06,-8.737619972592786e-09,2.045770370412831e-06,1.426276055160334e-06,-2.892516270976297e-06,3.120227253658947e-06,6.272001533675886e-06,8.293681889655665e-06
4600,3,-1.793202354570632e-07,-1.049392204940476e-07,1.088504789422313e-24,9.663330329339628e-08,0,5.660043848981247e-07,1.132008769796249e-06,1.286200140245363e-06
4650,0,-5.450145456673099e-05,-5.741268308066852e-05,-9.773604225734453e-07,0.0006546566754949234,-0.000658435414406697,9.685058517104798e-06,2.046467816673756e-05,0.0009321441632535916
4650,1,-3.941390034549586e-06,-3.259233288736306e-07,3.517189971836941e-05,4.393354941375855e-06,6.638110055414288e-05,2.938834160021866e-06,-2.894432703611371e-07,7.541336694026327e-05
4650,2,-2.264226665500061e-06,-8.823112317470541e-09,2.045770368106098e-06,1.426276022447266e-06,-2.892520128307749e-06,3.119856816970642e-06,6.271260662640727e-06,8.293077202169899e-06
4650,3,-1.793347076228294e-07,-1.049493969920177e-07,1.088475253493502e-24,9.663330308263471e-08,0,5.659887285268672e-07,1.131977457053734e-06,1.286168539752514e-06
4700,0,-5.450145406347814e-05,-5.741268306340748e-05,-9.773604225734453e-07,0.0006546566754949469,-0.000658435414406697,9.685059056728261e-06,2.046467924598448e-05,0.0009321441632524213
4700,1,-3.941620258725339e-06,-3.259294509507823e-07,3.517189971574273e-05,4.393354915135436e-06,6.638109616442492e-05,2.938587817367374e-06,-2.899359529802043e-07,7.541336742583134e-05
4700,2,-2.264623418262029e-06,-9.212026869234129e-09,2.045770368106098e-06,1.426275952221557e-06,-2.892520128307749e-06,3.119433001921651e-06,6.270413032537971e-06,8.292385550832266e-06
4700,3,-1.793452097017793e-07,-1.049571753002779e-07,1.088454063731455e-24,9.663330207229224e-08,0,5.659774962821125e-07,1.131954992564225e-06,1.286145924632282e-06
4750,0,-5.450145330396361e-05,-5.741268300886614e-05,-9.773604225734453e-07,0.0006546566754950162,-0.000658435414406697,9.685059862625539e-06,2.046468085777904e-05,0.000932144163248462
4750,1,-3.941807430067884e-06,-3.259415804540378e-07,3.517189971574273e-05,4.393354900442845e-06,6.638109616442492e-05,2.938389729069331e-06,-2.903321295762903e-07,7.541337106615185e-05
4750,2,-2.265148066535152e-06,-9.596834734809956e-09,2.045770368106098e-06,1.426275938615136e-06,-2.892520128307749e-06,3.118877726342686e-06,6.269302481380038e-06,8.291480680930168e-06
4750,3,-1.793500349152811e-07,-1.049609030933539e-07,1.088444423422355e-24,9.663330177092154e-08,0,5.659723861581252e-07,1.13194477231625e-06,1.286135657961883e-06
4800,0,-5.450144337275103e-05,-5.741267682049122e-05,-9.773604225734453e-07,0.0006546566754954066,-0.000658435414406697,9.685070292234377e-06,2.046470171699672e-05,0.0009321441628532311
4800,1,-3.941988168085004e-06,-3.259663045796432e-07,3.517189971574273e-05,4.393354886746141e-06,6.638109616442492e-05,2.938200425264893e-06,-2.907107371851687e-07,7.541337470228059e-05
4800,2,-2.265627045550037e-06,-9.962767449092335e-09,2.045770368106098e-06,1.42627592501241e-06,-2.892520128307749e-06,3.118376081390971e-06,6.268299191476608e-06,8.290664714670175e-06
4800,3,-1.793500349152811e-07,-1.049609030933539e-07,1.088444423422355e-24,9.663330177092154e-08,0,5.659723861581252e-07,1.13194477231625e-06,1.286135657961883e-06
4850,0,-5.450144211225634e-05,-5.741267658866125e-05,-9.773604225734453e-07,0.000654656675495508,-0.000658435414406697,9.685071592249528e-06,2.046470431702702e-05,0.0009321441628359131
4850,1,-3.942150813664676e-06,-3.259932222725077e-07,3.517189971574273e-05,4.39335487465221e-06,6.638109616442492e-05,2.938031832563704e-06,-2.910479225875436e-07,7.541337805204437e-05
4850,2,-2.266074090136898e-06,-1.031845128736524e-08,2.045770368106098e-06,1.426275912531189e-06,-2.892520128307749e-06,3.117912737854676e-06,6.267372504404019e-06,8.289912440588007e-06
4850,3,-1.793500349152811e-07,-1.049609030933539e-07,1.088444423422355e-24,9.663330177092154e-08,0,5.659723861581252e-07,1.13194477231625e-06,1.286135657961883e-06
4900,0,-5.450142988498835e-05,-5.741266743990346e-05,-9.773604225734453e-07,0.0006546566754959046,-0.000658435414406697,9.685084141883747e-06,2.046472941629546e-05,0.000932144162239219
4900,1,-3.94230032581186e-06,-3.260239136238237e-07,3.517189971574273e-05,4.393354863712381e-06,6.638109616442492e-05,2.937878462266968e-06,-2.913546631810169e-07,7.541338120926125e-05
4900,2,-2.266475604595963e-06,-1.06520692147e-08,2.045770368106098e-06,1.426275901247277e-06,-2.892520128307749e-06,3.117500847537921e-06,6.266548723770509e-06,8.28924493622681e-06
4900,3,-1.793500349152811e-07,-1.049609030933539e-07,1.088444423422355e-24,9.663330177092154e-08,0,5.659723861581252e-07,1.13194477231625e-06,1.286135657961883e-06
4950,0,-5.45014287985511e-05,-5.74126671562165e-05,-9.773604225734453e-07,0.0006546566754959759,-0.000658435414406697,9.685085240182635e-06,2.046473161289324e-05,0.00093214416221791
4950,1,-3.942434066713197e-06,-3.260564796538909e-07,3.517189971574273e-05,4.393354853952527e-06,6.638109616442492e-05,2.937742654080773e-06,-2.916262795534071e-07,7.541338410033379e-05
4950,2,-2.266847667767154e-06,-1.097217844351284e-08,2.045770368106098e-06,1.42627589078733e-06,-2.892520128307749e-06,3.117123050836599e-06,6.265793130367864e-06,8.288633808566451e-06
4950,3,-1.793500349152811e-07,-1.049609030933539e-07,1.088444423422355e-24,9.663330177092154e-08,0,5.659723861581252e-07,1.13194477231625e-06,1.286135657961883e-06
5000,0,-5.450142163818214e-05,-5.741266085058655e-05,-9.773604225734453e-07,0.000654656675496193,-0.000658435414406697,9.685092448030391e-06,2.046474602858874e-05,0.0009321441618024066
5000,1,-3.942560092426869e-06,-3.260933495051745e-07,3.517189971574273e-05,4.393354845039417e-06,6.638109616442492e-05,2.937615968484243e-06,-2.91879650746466e-07,7.541338689293252e-05
5000,2,-2.267182798808332e-06,-1.127151132402437e-08,2.045770368106098e-06,1.426275882081144e-06,-2.892520128307749e-06,3.116786183932312e-06,6.265119396559292e-06,8.28808989111288e-06
5000,3,-1.793500349152811e-07,-1.049609030933539e-07,1.088444423422355e-24,9.663330177092154e-08,0,5.659723861581252e-07,1.13194477231625e-06,1.286135657961883e-06
5050,0,-5.450142163818214e-05,-5.741266085058655e-05,-9.773604225734453e-07,0.000654656675496193,-0.000658435414406697,9.685092448030391e-06,2.046474602858874e-05,0.0009321441618024066
5050,1,-3.942674814082841e-06,-3.261311033651235e-07,3.517189971574273e-05,4.393354836858522e-06,6.638109616442492e-05,2.937501794839357e-06,-2.921079980362385e-07,7.541338949013515e-05
5050,2,-2.267490168814924e-06,-1.155497932182727e-08,2.045770368106098e-06,1.426275873749888e-06,-2.892520128307749e-06,3.116480281666671e-06,6.264507592028008e-06,8.287596868787756e-06
5050,3,-1.793513641947256e-07,-1.049622052400024e-07,1.088441938089024e-24,9.663330169322625e-08,0,5.659710687354846e-07,1.131942137470969e-06,1.286133050889923e-06
5100,0,-5.450141850406488e-05,-5.741265800409251e-05,-9.773604225734453e-07,0.000654656675496193,-0.000658435414406697,9.685095521899817e-06,2.04647521763276e-05,0.0009321441616107452
5100,1,-3.94277891775823e-06,-3.261680266404323e-07,3.517189971574273e-05,4.393354829544666e-06,6.638109616442492e-05,2.937399210848073e-06,-2.92313166018805e-07,7.541339189129485e-05
5100,2,-2.267772415908427e-06,-1.182420906838822e-08,2.045770368106098e-06,1.426275866677556e-06,-2.892520128307749e-06,3.116202151780977e-06,6.26395133225662e-06,8.287149427002771e-06
5100,3,-1.793513641947256e-07,-1.049622052400024e-07,1.088441938089024e-24,9.663330169322625e-08,0,5.659710687354846e-07,1.131942137470969e-06,1.286133050889923e-06
5150,0,-5.450141359638078e-05,-5.741265403947142e-05,-9.773604225734453e-07,0.0006546566754965066,-0.000658435414406697,9.685100318635936e-06,2.046476176979983e-05,0.0009321441613402882
5150,1,-3.942871849914978e-06,-3.2620428961493e-07,3.517189971574273e-05,4.393354823078991e-06,6.638109616442492e-05,2.937308528291799e-06,-2.924945311313533e-07,7.541339407764974e-05
5150,2,-2.268028711291463e-06,-1.207611976544372e-08,2.045770368106098e-06,1.426275860060634e-06,-2.892520128307749e-06,3.115952064798338e-06,6.263451158291343e-06,8.286747834404721e-06
5150,3,-1.793513641947256e-07,-1.049622052400024e-07,1.088441938089024e-24,9.663330169322625e-08,0,5.659710687354846e-07,1.131942137470969e-06,1.286133050889923e-06
5200,0,-5.450141359638078e-05,-5.741265403947142e-05,-9.773604225734453e-07,0.0006546566754965066,-0.000658435414406697,9.685100318635936e-06,2.046476176979983e-05,0.0009321441613402882
5200,1,-3.942953420235076e-06,-3.262379810846419e-07,3.517189971574273e-05,4.393354817388753e-06,6.638109616442492e-05,2.93722970307886e-06,-2.926521815572304e-07,7.541339602934501e-05
5200,2,-2.268262104724689e-06,-1.231181513512907e-08,2.045770368106098e-06,1.426275854143215e-06,-2.892520128307749e-06,3.115726519848237e-06,6.263000068391142e-06,8.286386309089955e-06
5200,3,-1.793523842225422e-07,-1.049632893232227e-07,1.088440083526098e-24,9.66333016352498e-08,0,5.659700856708964e-07,1.131940171341793e-06,1.286131118583327e-06
5250,0,-5.450140838222948e-05,-5.741264824204713e-05,-9.773604225734453e-07,0.0006546566754965645,-0.000658435414406697,9.685105288868581e-06,2.046477171026512e-05,0.0009321441609482676
5250,1,-3.943031276435297e-06,-3.262737473453505e-07,3.517189971574273e-05,4.393354812079181e-06,6.638109616442492e-05,2.937155188024611e-06,-2.928012116657281e-07,7.541339793075869e-05
5250,2,-2.268474640617442e-06,-1.253298445994506e-08,2.045770368106098e-06,1.426275848317874e-06,-2.892520128307749e-06,3.115523094250741e-06,6.262593217196149e-06,8.286060832077336e-06
5250,3,-1.793523842225422e-07,-1.049632893232227e-07,1.088440083526098e-24,9.66333016352498e-08,0,5.659700856708964e-07,1.131940171341793e-06,1.286131118583327e-06
5300,0,-5.450140073462093e-05,-5.741264002211218e-05,-9.773604225734453e-07,0.0006546566754966861,-0.000658435414406697,9.685112518351151e-06,2.046478616923026e-05,0.0009321441603874787
5300,1,-3.943102286092491e-06,-3.263098728292382e-07,3.517189971574273e-05,4.393354807380518e-06,6.638109616442492e-05,2.937087871924176e-06,-2.929358438665974e-07,7.541339970069076e-05
5300,2,-2.268667227057318e-06,-1.273800053025611e-08,2.045770368106098e-06,1.426275843613821e-06,-2.892520128307749e-06,3.115340511072641e-06,6.26222805083995e-06,8.285769232738821e-06
5300,3,-1.793523842225422e-07,-1.049632893232227e-07,1.088440083526098e-24,9.66333016352498e-08,0,5.659700856708964e-07,1.131940171341793e-06,1.286131118583327e-06
5350,0,-5.450138980020513e-05,-5.7412629295429e-05,-9.773604225734453e-07,0.0006546566754968157,-0.000658435414406697,9.685122798876051e-06,2.046480673028006e-05,0.0009321441596457936
5350,1,-3.943166962188537e-06,-3.263438768335906e-07,3.517189971574273e-05,4.393354803042779e-06,6.638109616442492e-05,2.937027133543831e-06,-2.930573206272886e-07,7.541340133573276e-05
5350,2,-2.268841783882299e-06,-1.293022764306041e-08,2.045770368106098e-06,1.426275839533845e-06,-2.892520128307749e-06,3.115176578819676e-06,6.261900186334019e-06,8.285507899582149e-06
5350,3,-1.793523842225422e-07,-1.049632893232227e-07,1.088440083526098e-24,9.66333016352498e-08,0,5.659700856708964e-07,1.131940171341793e-06,1.286131118583327e-06
5400,0,-5.45013853696972e-05,-5.741262687663166e-05,-9.773604225734453e-07,0.0006546566754971186,-0.000658435414406697,9.685126922715827e-06,2.046481497795962e-05,0.0009321441594619025
5400,1,-3.943223428259918e-06,-3.263748683828302e-07,3.517189971574273e-05,4.393354799197373e-06,6.638109616442492e-05,2.936974603867919e-06,-2.931623799791119e-07,7.5413402784659e-05
5400,2,-2.269001633525068e-06,-1.310991843964097e-08,2.045770368106098e-06,1.42627583577373e-06,-2.892520128307749e-06,3.115027857994993e-06,6.261602744684653e-06,8.285271246170921e-06
5400,3,-1.793531238539656e-07,-1.049641454687102e-07,1.088438782161246e-24,9.663330159456716e-08,0,5.659693958449093e-07,1.131938791689819e-06,1.286129773783531e-06
5450,0,-5.450138182686533e-05,-5.741262326779243e-05,-9.773604225734453e-07,0.0006546566754972724,-0.000658435414406697,9.685130187987957e-06,2.046482150850387e-05,0.0009321441592098917
5450,1,-3.943276946516207e-06,-3.264064294026811e-07,3.517189971574273e-05,4.393354795617365e-06,6.638109616442492e-05,2.936925268777364e-06,-2.932610501602268e-07,7.541340418173066e-05
5450,2,-2.269149031065154e-06,-1.327963846062225e-08,2.045770368106098e-06,1.426275832055724e-06,-2.892520128307749e-06,3.114891986398413e-06,6.261331001491493e-06,8.285055432037964e-06
5450,3,-1.793531238539656e-07,-1.049641454687102e-07,1.088438782161246e-24,9.663330159456716e-08,0,5.659693958449093e-07,1.131938791689819e-06,1.286129773783531e-06
5500,0,-5.450137190966344e-05,-5.741261230635353e-05,-9.773604225734453e-07,0.0006546566754975991,-0.000658435414406697,9.685139223821341e-06,2.046483958017064e-05,0.0009321441584457767
5500,1,-3.943322788030199e-06,-3.264338005715211e-07,3.517189971574273e-05,4.393354792550426e-06,6.638109616442492e-05,2.936883392030663e-06,-2.933448036536261e-07,7.541340539192677e-05
5500,2,-2.269281452622277e-06,-1.34352534004929e-08,2.045770368106098e-06,1.426275828687827e-06,-2.892520128307749e-06,3.114771031260519e-06,6.261089091215706e-06,8.284863658127092e-06
5500,3,-1.793531238539656e-07,-1.049641454687102e-07,1.088438782161246e-24,9.663330159456716e-08,0,5.659693958449093e-07,1.131938791689819e-06,1.286129773783531e-06
5550,0,-5.450136869263494e-05,-5.741260832484742e-05,-9.773604225734453e-07,0.0006546566754976828,-0.000658435414406697,9.685142138852601e-06,2.046484541023316e-05,0.000932144158170795
5550,1,-3.943367559060775e-06,-3.264629685615192e-07,3.517189971574273e-05,4.393354789627391e-06,6.638109616442492e-05,2.936842868441155e-06,-2.934258508326421e-07,7.541340659625436e-05
5550,2,-2.269403232011113e-06,-1.358156590142147e-08,2.045770368106098e-06,1.426275825746441e-06,-2.892520128307749e-06,3.114660805377637e-06,6.260868639449943e-06,8.284689213494579e-06
5550,3,-1.793531238539656e-07,-1.049641454687102e-07,1.088438782161246e-24,9.663330159456716e-08,0,5.659693958449093e-07,1.131938791689819e-06,1.286129773783531e-06
5600,0,-5.450136211519636e-05,-5.741260038291835e-05,-9.773604225734453e-07,0.0006546566754978322,-0.000658435414406697,9.685148051327148e-06,2.046485723518226e-05,0.0009321441576182095
5600,1,-3.943392374530788e-06,-3.264798427116111e-07,3.517189971574273e-05,4.393354788133243e-06,6.638109616442492e-05,2.936820595592334e-06,-2.934703965302839e-07,7.541340727278436e-05
5600,2,-2.269528626476274e-06,-1.372702320526564e-08,2.045770368106098e-06,1.426275822133495e-06,-2.892520128307749e-06,3.114548338065891e-06,6.26064370482645e-06,8.284511535327984e-06
5600,3,-1.79353612706485e-07,-1.049647665524417e-07,1.088437956237875e-24,9.663330156874755e-08,0,5.659689580403962e-07,1.131937916080792e-06,1.286128929348458e-06
5650,0,-5.450136013961253e-05,-5.741259784414892e-05,-9.773604225734453e-07,0.0006546566754979361,-0.000658435414406697,9.685149811155961e-06,2.046486075483988e-05,0.0009321441574419622
5650,1,-3.943411087480426e-06,-3.264931607476614e-07,3.517189971574273e-05,4.393354787054786e-06,6.638109616442492e-05,2.936803959091337e-06,-2.935036695322786e-07,7.541340779050415e-05
5650,2,-2.269648236332581e-06,-1.386673541336317e-08,2.045770368106098e-06,1.426275818473864e-06,-2.892520128307749e-06,3.114441999903566e-06,6.2604310285018e-06,8.284343838740626e-06
5650,3,-1.793540455994008e-07,-1.049653301301778e-07,1.088437233276132e-24,9.663330154614667e-08,0,5.659685748136648e-07,1.13193714962733e-06,1.286128192503754e-06
5700,0,-5.450135384429554e-05,-5.741259008296907e-05,-9.773604225734453e-07,0.0006546566754981947,-0.000658435414406697,9.685155353619007e-06,2.046487183976597e-05,0.0009321441568969903
5700,1,-3.943428118045121e-06,-3.265058336317467e-07,3.517189971574273e-05,4.393354786120281e-06,6.638109616442492e-05,2.936788952648702e-06,-2.935336824175485e-07,7.541340826828023e-05
5700,2,-2.269754524482739e-06,-1.399350638122951e-08,2.045770368106098e-06,1.426275815219819e-06,-2.892520128307749e-06,3.114348338482828e-06,6.260243705660325e-06,8.284196402794212e-06
5700,3,-1.793548882064857e-07,-1.049664329258765e-07,1.088435829665107e-24,9.663330150226766e-08,0,5.659678307891431e-07,1.131935661578286e-06,1.286126762945555e-06
5750,0,-5.450135248527181e-05,-5.741258807173704e-05,-9.773604225734453e-07,0.0006546566754982236,-0.000658435414406697,9.6851565366132e-06,2.046487420575436e-05,0.0009321441567579103
5750,1,-3.943443218007482e-06,-3.265176013810717e-07,3.517189971574273e-05,4.393354785280687e-06,6.638109616442492e-05,2.936775762498916e-06,-2.935600627171222e-07,7.541340869780073e-05
5750,2,-2.269853731958352e-06,-1.411424862279719e-08,2.045770368106098e-06,1.42627581227308e-06,-2.892520128307749e-06,3.114261680912615e-06,6.260070390519899e-06,8.284060240747029e-06
5750,3,-1.793552707726171e-07,-1.049669428993322e-07,1.088435198132456e-24,9.663330148252499e-08,0,5.659674960270399e-07,1.13193499205408e-06,1.28612612134524e-06
5800,0,-5.450135134497749e-05,-5.741258716507883e-05,-9.773604225734453e-07,0.0006546566754983007,-0.000658435414406697,9.685157524223039e-06,2.046487618097404e-05,0.0009321441566890766
5800,1,-3.943456640760441e-06,-3.265279526603604e-07,3.517189971574273e-05,4.393354784524046e-06,6.638109616442492e-05,2.936764138001721e-06,-2.935833117115106e-07,7.541340908228581e-05
5800,2,-2.269943728912599e-06,-1.422623622344845e-08,2.045770368106098e-06,1.426275809663667e-06,-2.892520128307749e-06,3.114183749157604e-06,6.259914527009875e-06,8.28393801305463e-06
5800,3,-1.793552707726171e-07,-1.049669428993322e-07,1.088435198132456e-24,9.663330148252499e-08,0,5.659674960270399e-07,1.13193499205408e-06,1.28612612134524e-06
5850,0,-5.450134855897899e-05,-5.741258315669723e-05,-9.773604225734453e-07,0.0006546566754984046,-0.000658435414406697,9.685159919730825e-06,2.046488097198961e-05,0.0009321441564094463
5850,1,-3.943469388101768e-06,-3.265384637050107e-07,3.517189971574273e-05,4.39335478378523e-06,6.638109616442492e-05,2.936753194318984e-06,-2.93605199076987e-07,7.541340945336938e-05
5850,2,-2.270025441621479e-06,-1.432973790358432e-08,2.045770368106098e-06,1.426275807243229e-06,-2.892520128307749e-06,3.114113598548339e-06,6.259774225791345e-06,8.283828189886379e-06
5850,3,-1.793552707726171e-07,-1.049669428993322e-07,1.088435198132456e-24,9.663330148252499e-08,0,5.659674960270399e-07,1.13193499205408e-06,1.28612612134524e-06
5900,0,-5.450134579515912e-05,-5.741257939886506e-05,-9.773604225734453e-07,0.0006546566754984758,-0.000658435414406697,9.685162274571674e-06,2.046488568167131e-05,0.0009321441561443134
5900,1,-3.94348006251243e-06,-3.265471328235614e-07,3.517189971574273e-05,4.393354783192274e-06,6.638109616442492e-05,2.936744106774922e-06,-2.936233741651087e-07,7.541340976592832e-05
5900,2,-2.270100014875417e-06,-1.442574153355007e-08,2.045770368106098e-06,1.426275805076583e-06,-2.892520128307749e-06,3.114050121303277e-06,6.259647271301221e-06,8.283728994992969e-06
5900,3,-1.793552707726171e-07,-1.049669428993322e-07,1.088435198132456e-24,9.663330148252499e-08,0,5.659674960270399e-07,1.13193499205408e-06,1.28612612134524e-06
5950,0,-5.450134242615031e-05,-5.741257433746159e-05,-9.773604225734453e-07,0.0006546566754985432,-0.000658435414406697,9.685165119825307e-06,2.046489137217858e-05,0.0009321441557901329
5950,1,-3.943490760881765e-06,-3.265566278277571e-07,3.517189971574273e-05,4.393354782616959e-06,6.638109616442492e-05,2.936735077108133e-06,-2.936414334986863e-07,7.541341008512848e-05
5950,2,-2.270167610915455e-06,-1.451433028912249e-08,2.045770368106098e-06,1.426275803034847e-06,-2.892520128307749e-06,3.113993069891499e-06,6.259533168477665e-06,8.283640004976482e-06
5950,3,-1.793555355937284e-07,-1.049673193234866e-07,1.08843477546905e-24,9.663330146931189e-08,0,5.659672719821065e-07,1.131934543964213e-06,1.286125696034905e-06
6000,0,-5.450134242615031e-05,-5.741257433746159e-05,-9.773604225734453e-07,0.0006546566754985432,-0.000658435414406697,9.685165119825307e-06,2.046489137217858e-05,0.0009321441557901329
6000,1,-3.943454431193386e-06,-3.265421761938311e-07,3.517189971562368e-05,4.39335478728332e-06,6.638109962580873e-05,2.936765549593157e-06,-2.935804928284501e-07,7.541341211924545e-05
6000,2,-2.270220441247623e-06,-1.457232571817869e-08,2.045770368106098e-06,1.426275801247118e-06,-2.892520128307749e-06,3.113948861785063e-06,6.259444752265781e-06,8.283571154877891e-06
6000,3,-1.793555355937284e-07,-1.049673193234866e-07,1.08843477546905e-24,9.663330146931189e-08,0,5.659672719821065e-07,1.131934543964213e-06,1.286125696034905e-06
6050,0,-5.450133984589178e-05,-5.74125710148548e-05,-9.773604225734453e-07,0.0006546566754986342,-0.000658435414406697,9.685167263762743e-06,2.046489566005345e-05,0.0009321441555511012
6050,1,-3.94346315405045e-06,-3.265425291448823e-07,3.517189971562368e-05,4.393354787077133e-06,6.638109962580873e-05,2.936758309477593e-06,-2.9359497305958e-07,7.541341235131686e-05
6050,2,-2.270276506008375e-06,-1.46247638063862e-08,2.045770368106098e-06,1.426275800011978e-06,-2.892520128307749e-06,3.113902329114899e-06,6.259351686925454e-06,8.283498795962968e-06
6050,3,-1.793555355937284e-07,-1.049673193234866e-07,1.08843477546905e-24,9.663330146931189e-08,0,5.659672719821065e-07,1.131934543964213e-06,1.286125696034905e-06
6100,0,-5.450133625012507e-05,-5.741256556195135e-05,-9.773604225734453e-07,0.0006546566754987595,-0.000658435414406697,9.68517022880705e-06,2.046490159014206e-05,0.0009321441551660945
6100,1,-3.943470980982849e-06,-3.265427081331323e-07,3.517189971562368e-05,4.393354786888463e-06,6.638109962580873e-05,2.936751866289901e-06,-2.936078594349625e-07,7.541341256061999e-05
6100,2,-2.270327288284336e-06,-1.467348817109433e-08,2.045770368106098e-06,1.426275798930012e-06,-2.892520128307749e-06,3.113860527492666e-06,6.259268083680988e-06,8.283433912427133e-06
6100,3,-1.793555355937284e-07,-1.049673193234866e-07,1.08843477546905e-24,9.663330146931189e-08,0,5.659672719821065e-07,1.131934543964213e-06,1.286125696034905e-06
6150,0,-5.450133625012507e-05,-5.741256556195135e-05,-9.773604225734453e-07,0.0006546566754987595,-0.000658435414406697,9.68517022880705e-06,2.046490159014206e-05,0.0009321441551660945
6150,1,-3.943477963589177e-06,-3.265429662544546e-07,3.517189971562368e-05,4.393354786721371e-06,6.638109962580873e-05,2.936746165788061e-06,-2.936192604386422e-07,7.541341274925791e-05
6150,2,-2.270374011712427e-06,-1.47193225282246e-08,2.045770368106098e-06,1.426275797841446e-06,-2.892520128307749e-06,3.113822380868457e-06,6.259191790432569e-06,8.28337481004725e-06
6150,3,-1.793555355937284e-07,-1.049673193234866e-07,1.08843477546905e-24,9.663330146931189e-08,0,5.659672719821065e-07,1.131934543964213e-06,1.286125696034905e-06
6200,0,-5.450133602342891e-05,-5.741256553424734e-05,-9.773604225734453e-07,0.000654656675498764,-0.000658435414406697,9.685170413082906e-06,2.046490195869377e-05,0.0009321441551611428
6200,1,-3.943483781941454e-06,-3.265430035218284e-07,3.517189971562368e-05,4.393354786588213e-06,6.638109962580873e-05,2.936741454577762e-06,-2.93628682859239e-07,7.541341290688473e-05
6200,2,-2.270416477039937e-06,-1.476197621572706e-08,2.045770368106098e-06,1.426275796898722e-06,-2.892520128307749e-06,3.113787991007039e-06,6.259123010709734e-06,8.283321625519408e-06
6200,3,-1.793555355937284e-07,-1.049673193234866e-07,1.08843477546905e-24,9.663330146931189e-08,0,5.659672719821065e-07,1.131934543964213e-06,1.286125696034905e-06
6250,0,-5.450133402712908e-05,-5.741256342152935e-05,-9.773604225734453e-07,0.0006546566754988361,-0.000658435414406697,9.685172017000204e-06,2.046490516652837e-05,0.0009321441550014378
6250,1,-3.943489632693425e-06,-3.26543815652051e-07,3.517189971562368e-05,4.393354786446326e-06,6.638109962580873e-05,2.936736753592251e-06,-2.936380848302608e-07,7.541341306988093e-05
6250,2,-2.270454530307481e-06,-1.480128145518007e-08,2.045770368106098e-06,1.426275796080801e-06,-2.892520128307749e-06,3.113757420777379e-06,6.259061870250415e-06,8.283274434749077e-06
6250,3,-1.793555355937284e-07,-1.049673193234866e-07,1.08843477546905e-24,9.663330146931189e-08,0,5.659672719821065e-07,1.131934543964213e-06,1.286125696034905e-06
6300,0,-5.450133175597577e-05,-5.741255990504385e-05,-9.773604225734453e-07,0.0006546566754988825,-0.000658435414406697,9.685173830392134e-06,2.046490879331222e-05,0.0009321441547505579
6300,1,-3.943494728255578e-06,-3.265443117070761e-07,3.517189971562368e-05,4.393354786308313e-06,6.638109962580873e-05,2.936732692461163e-06,-2.936462070924382e-07,7.541341321195459e-05
6300,2,-2.270489592389682e-06,-1.483777624375975e-08,2.045770368106098e-06,1.426275795363531e-06,-2.892520128307749e-06,3.11372947889184e-06,6.259005986479339e-06,8.283231379804881e-06
6300,3,-1.793555355937284e-07,-1.049673193234866e-07,1.08843477546905e-24,9.663330146931189e-08,0,5.659672719821065e-07,1.131934543964213e-06,1.286125696034905e-06
6350,0,-5.450132888173707e-05,-5.741255572267022e-05,-9.773604225734453e-07,0.0006546566754989798,-0.000658435414406697,9.685176107677225e-06,2.04649133478824e-05,0.0009321441544486281
6350,1,-3.943499504621906e-06,-3.265451528022122e-07,3.517189971562368e-05,4.393354786188424e-06,6.638109962580873e-05,2.936728916537405e-06,-2.93653758939954e-07,7.541341334771882e-05
6350,2,-2.27052153109434e-06,-1.487167542490843e-08,2.045770368106098e-06,1.426275794717014e-06,-2.892520128307749e-06,3.113704227985715e-06,6.258955484667086e-06,8.283192542890413e-06
6350,3,-1.793555355937284e-07,-1.049673193234866e-07,1.08843477546905e-24,9.663330146931189e-08,0,5.659672719821065e-07,1.131934543964213e-06,1.286125696034905e-06
6400,0,-5.450132814662273e-05,-5.74125548239874e-05,-9.773604225734453e-07,0.0006546566754989889,-0.000658435414406697,9.685176685277472e-06,2.04649145030829e-05,0.0009321441543816651
6400,1,-3.943503991594202e-06,-3.265465126805509e-07,3.517189971562368e-05,4.393354786084417e-06,6.638109962580873e-05,2.936725396729324e-06,-2.936607985561164e-07,7.541341347857761e-05
6400,2,-2.270550603586458e-06,-1.490290121490414e-08,2.045770368106098e-06,1.426275794121145e-06,-2.892520128307749e-06,3.113681422980849e-06,6.258909874657355e-06,8.283157531726242e-06
6400,3,-1.793555355937284e-07,-1.049673193234866e-07,1.08843477546905e-24,9.663330146931189e-08,0,5.659672719821065e-07,1.131934543964213e-06,1.286125696034905e-06
6450,0,-5.450132728641855e-05,-5.74125537730071e-05,-9.773604225734453e-07,0.0006546566754990175,-0.000658435414406697,9.685177352859002e-06,2.046491583824596e-05,0.0009321441543029077
6450,1,-3.943508060550849e-06,-3.265475024021775e-07,3.517189971562368e-05,4.393354785993793e-06,6.638109962580873e-05,2.936722229755494e-06,-2.936671325037769e-07,7.541341359696865e-05
6450,2,-2.270577036025189e-06,-1.493163647704529e-08,2.045770368106098e-06,1.426275793585493e-06,-2.892520128307749e-06,3.113660850010187e-06,6.25886872871603e-06,8.283126004929103e-06
6450,3,-1.793555355937284e-07,-1.049673193234866e-07,1.08843477546905e-24,9.663330146931189e-08,0,5.659672719821065e-07,1.131934543964213e-06,1.286125696034905e-06
6500,0,-5.450132682105781e-05,-5.74125536236943e-05,-9.773604225734453e-07,0.0006546566754990323,-0.000658435414406697,9.685177711489736e-06,2.046491655550743e-05,0.000932144154285986
6500,1,-3.943511745855197e-06,-3.265486385319327e-07,3.517189971562368e-05,4.393354785913847e-06,6.638109962580873e-05,2.936719383966954e-06,-2.93672824080859e-07,7.541341370593922e-05
6500,2,-2.270600739212556e-06,-1.495769168022392e-08,2.045770368106098e-06,1.426275793095262e-06,-2.892520128307749e-06,3.113642543699456e-06,6.258832116094569e-06,8.283098002951613e-06
6500,3,-1.793555355937284e-07,-1.049673193234866e-07,1.08843477546905e-24,9.663330146931189e-08,0,5.659672719821065e-07,1.131934543964213e-06,1.286125696034905e-06
6550,0,-5.450132659961089e-05,-5.741255354962502e-05,-9.773604225734453e-07,0.0006546566754990384,-0.000658435414406697,9.685177881441334e-06,2.046491689541063e-05,0.0009321441542777088
6550,1,-3.943514899463867e-06,-3.265493505184293e-07,3.517189971562368e-05,4.393354785850773e-06,6.638109962580873e-05,2.936716966194069e-06,-2.936776596266269e-07,7.541341379860552e-05
6550,2,-2.270622607722075e-06,-1.498171652136292e-08,2.045770368106098e-06,1.426275792639098e-06,-2.892520128307749e-06,3.11362578393664e-06,6.258798596568936e-06,8.283072413162376e-06
6550,3,-1.793555355937284e-07,-1.049673193234866e-07,1.08843477546905e-24,9.663330146931189e-08,0,5.659672719821065e-07,1.131934543964213e-06,1.286125696034905e-06
6600,0,-5.450132616047649e-05,-5.741255302831973e-05,-9.773604225734453e-07,0.0006546566754990434,-0.000658435414406697,9.685178215231539e-06,2.046491756299104e-05,0.0009321441542380531
6600,1,-3.943518014223113e-06,-3.26550565820911e-07,3.517189971562368e-05,4.393354785782045e-06,6.638109962580873e-05,2.936714597341673e-06,-2.936823973314184e-07,7.541341389294393e-05
6600,2,-2.27064252405456e-06,-1.500368272963389e-08,2.045770368106098e-06,1.426275792240557e-06,-2.892520128307749e-06,3.113610636452295e-06,6.258768301600246e-06,8.283049327289019e-06
6600,3,-1.793555355937284e-07,-1.049673193234866e-07,1.08843477546905e-24,9.663330146931189e-08,0,5.659672719821065e-07,1.131934543964213e-06,1.286125696034905e-06
6650,0,-5.450132495373226e-05,-5.741255137770865e-05,-9.773604225734453e-07,0.000654656675499077,-0.000658435414406697,9.685179124124124e-06,2.046491938077621e-05,0.000932144154115208
6650,1,-3.943520639457032e-06,-3.265515049045697e-07,3.517189971562368e-05,4.393354785719275e-06,6.638109962580873e-05,2.936712615748304e-06,-2.936863605181579e-07,7.541341397255309e-05
6650,2,-2.270658702150322e-06,-1.502083125221147e-08,2.045770368106098e-06,1.426275791951652e-06,-2.892520128307749e-06,3.113598422571774e-06,6.258743873839205e-06,8.283030744164691e-06
6650,3,-1.793574390771394e-07,-1.04970188016323e-07,1.088432069557635e-24,9.663330140393078e-08,0,5.659658376356882e-07,1.131931675271376e-06,1.286123039649802e-06
6700,0,-5.450132383511701e-05,-5.741254980733532e-05,-9.773604225734453e-07,0.0006546566754990868,-0.000658435414406697,9.685179963691288e-06,2.046492105991053e-05,0.0009321441539986766
6700,1,-3.943523276284038e-06,-3.265526692769424e-07,3.517189971562368e-05,4.393354785665868e-06,6.638109962580873e-05,2.936710640364617e-06,-2.936903112855326e-07,7.541341405393834e-05
6700,2,-2.270671974305958e-06,-1.503441325858097e-08,2.045770368106098e-06,1.426275791733769e-06,-2.892520128307749e-06,3.113588479607338e-06,6.258723987910331e-06,8.283015643558843e-06
6700,3,-1.793606004792937e-07,-1.049749248519147e-07,1.088427601509563e-24,9.663330128383649e-08,0,5.659634692178923e-07,1.131926938435785e-06,1.286118655962478e-06
6750,0,-5.450132363363593e-05,-5.741254971934655e-05,-9.773604225734453e-07,0.000654656675499092,-0.000658435414406697,9.685180114005427e-06,2.046492136053881e-05,0.0009321441539896425
6750,1,-3.943525552280388e-06,-3.265537398561957e-07,3.517189971562368e-05,4.393354785616471e-06,6.638109962580873e-05,2.936708948020923e-06,-2.936936959729187e-07,7.54134141248669e-05
6750,2,-2.270684315913551e-06,-1.504723301170427e-08,2.045770368106098e-06,1.426275791521725e-06,-2.892520128307749e-06,3.113579302728471e-06,6.258705634152598e-06,8.283001732239166e-06
6750,3,-1.793633658473964e-07,-1.049790375808288e-07,1.088423722153791e-24,9.663330119049422e-08,0,5.659614128534353e-07,1.131922825706871e-06,1.286114852738184e-06
6800,0,-5.450132316502915e-05,-5.741254916516108e-05,-9.773604225734453e-07,0.0006546566754990981,-0.000658435414406697,9.685180460023033e-06,2.046492205257402e-05,0.0009321441539469032
6800,1,-3.943527513583473e-06,-3.265546099337074e-07,3.517189971562368e-05,4.393354785573977e-06,6.638109962580873e-05,2.936707500325119e-06,-2.936965913645296e-07,7.541341418609332e-05
6800,2,-2.270695509066642e-06,-1.505893292795517e-08,2.045770368106098e-06,1.426275791341811e-06,-2.892520128307749e-06,3.113571040859451e-06,6.258689110414558e-06,8.282989230846002e-06
6800,3,-1.79365988956762e-07,-1.049829098545755e-07,1.088420069608771e-24,9.663330110249542e-08,0,5.659594767165621e-07,1.131918953433124e-06,1.286111274604325e-06
6850,0,-5.450132278450542e-05,-5.741254897753323e-05,-9.773604225734453e-07,0.0006546566754991035,-0.000658435414406697,9.685180739538331e-06,2.046492261160462e-05,0.0009321441539282794
6850,1,-3.94352942541549e-06,-3.265556066147645e-07,3.517189971562368e-05,4.393354785531373e-06,6.638109962580873e-05,2.936706099479895e-06,-2.936993930549757e-07,7.541341424674073e-05
6850,2,-2.270705571824172e-06,-1.506965228384933e-08,2.045770368106098e-06,1.426275791182612e-06,-2.892520128307749e-06,3.113563668121359e-06,6.258674364938374e-06,8.282978095728337e-06
6850,3,-1.793683290607789e-07,-1.049863388917607e-07,1.088416835149249e-24,9.663330102330054e-08,0,5.659577621979694e-07,1.131915524395939e-06,1.286108108461834e-06
6900,0,-5.450132278450542e-05,-5.741254897753323e-05,-9.773604225734453e-07,0.0006546566754991035,-0.000658435414406697,9.685180739538331e-06,2.046492261160462e-05,0.0009321441539282794
6900,1,-3.943531010162599e-06,-3.265563321283563e-07,3.517189971562368e-05,4.393354785497716e-06,6.638109962580873e-05,2.936704946687721e-06,-2.937016986393259e-07,7.541341429683807e-05
6900,2,-2.270714754807505e-06,-1.507945748941032e-08,2.045770368106098e-06,1.426275791037641e-06,-2.892520128307749e-06,3.113556988578297e-06,6.25866100585225e-06,8.282968025944893e-06
6900,3,-1.793704155694003e-07,-1.049893739405207e-07,1.08841397232163e-24,9.663330095275116e-08,0,5.659562446735895e-07,1.131912489347179e-06,1.286105308246625e-06
6950,0,-5.450132267202538e-05,-5.741254891539251e-05,-9.773604225734453e-07,0.0006546566754991059,-0.000658435414406697,9.685180820821777e-06,2.046492277417151e-05,0.0009321441539222908
6950,1,-3.943532384768942e-06,-3.265569985544235e-07,3.517189971562368e-05,4.393354785467217e-06,6.638109962580873e-05,2.936703953967611e-06,-2.937036840795445e-07,7.541341434067773e-05
6950,2,-2.270723135204039e-06,-1.508843131543355e-08,2.045770368106098e-06,1.426275790907439e-06,-2.892520128307749e-06,3.113550936878055e-06,6.258648902451766e-06,8.282958919469564e-06
6950,3,-1.793723973048417e-07,-1.049922360324215e-07,1.088411272636586e-24,9.663330088749895e-08,0,5.659548136276389e-07,1.131909627255278e-06,1.286102669588966e-06
7000,0,-5.450132188575102e-05,-5.741254805770347e-05,-9.773604225734453e-07,0.000654656675499116,-0.000658435414406697,9.685181383532788e-06,2.046492389959353e-05,0.0009321441538540536
7000,1,-3.943533688195484e-06,-3.26557695733121e-07,3.517189971562368e-05,4.393354785440985e-06,6.638109962580873e-05,2.936703019387279e-06,-2.9370555324021e-07,7.541341438273995e-05
7000,2,-2.270730686435368e-06,-1.509659120406235e-08,2.045770368106098e-06,1.426275790789351e-06,-2.892520128307749e-06,3.113545522941617e-06,6.258638074578891e-06,8.282950787760472e-06
7000,3,-1.793741670405911e-07,-1.049947737439436e-07,1.088408878925245e-24,9.663330082946979e-08,0,5.65953544771878e-07,1.131907089543756e-06,1.286100331756243e-06
7050,0,-5.450132143888511e-05,-5.741254743529348e-05,-9.773604225734453e-07,0.0006546566754991195,-0.000658435414406697,9.685181701346006e-06,2.046492453521997e-05,0.0009321441538068502
7050,1,-3.943534981283381e-06,-3.265584959599273e-07,3.517189971562368e-05,4.393354785413648e-06,6.638109962580873e-05,2.936702098860149e-06,-2.937073942944701e-07,7.541341442514555e-05
7050,2,-2.270737657028645e-06,-1.510418036573869e-08,2.045770368106098e-06,1.426275790679593e-06,-2.892520128307749e-06,3.113540560992292e-06,6.258628150680239e-06,8.282943348804755e-06
7050,3,-1.793757777685793e-07,-1.049970669147016e-07,1.088406715878421e-24,9.663330077619597e-08,0,5.659523981864991e-07,1.131904796372998e-06,1.286098220819438e-06
7100,0,-5.450132143888511e-05,-5.741254743529348e-05,-9.773604225734453e-07,0.0006546566754991195,-0.000658435414406697,9.685181701346006e-06,2.046492453521997e-05,0.0009321441538068502
7100,1,-3.943536061622336e-06,-3.265591186669374e-07,3.517189971562368e-05,4.393354785389172e-06,6.638109962580873e-05,2.93670133531992e-06,-2.937089213749257e-07,7.541341446054807e-05
7100,2,-2.270744003247896e-06,-1.511114523949344e-08,2.045770368106098e-06,1.426275790579216e-06,-2.892520128307749e-06,3.113536075491672e-06,6.258619179678999e-06,8.282936636671166e-06
7100,3,-1.79377274249638e-07,-1.049991823572406e-07,1.088404720474785e-24,9.663330072808136e-08,0,5.659513404652295e-07,1.131902680930459e-06,1.286096274971074e-06
7150,0,-5.450132107419628e-05,-5.741254692308883e-05,-9.773604225734453e-07,0.0006546566754991228,-0.000658435414406697,9.685181957448327e-06,2.046492504742461e-05,0.0009321441537678881
7150,1,-3.943537106486707e-06,-3.265597995340719e-07,3.517189971562368e-05,4.393354785368518e-06,6.638109962580873e-05,2.936700601982529e-06,-2.937103880497069e-07,7.541341449528855e-05
7150,2,-2.270749786159225e-06,-1.511755481330278e-08,2.045770368106098e-06,1.426275790485337e-06,-2.892520128307749e-06,3.113532016770659e-06,6.258611062236975e-06,8.28293057449039e-06
7150,3,-1.793786091205529e-07,-1.050010560524395e-07,1.088402953100752e-24,9.663330068469893e-08,0,5.659504036176302e-07,1.13190080723526e-06,1.286094552806349e-06
7200,0,-5.45013207156188e-05,-5.741254642358093e-05,-9.773604225734453e-07,0.0006546566754991299,-0.000658435414406697,9.685182207202283e-06,2.046492554693252e-05,0.0009321441537297235
7200,1,-3.943537947058592e-06,-3.265602707978337e-07,3.517189971562368e-05,4.393354785350932e-06,6.638109962580873e-05,2.93670001625448e-06,-2.937115595058044e-07,7.541341452303701e-05
7200,2,-2.270754965093533e-06,-1.512332268790026e-08,2.045770368106098e-06,1.426275790405224e-06,-2.892520128307749e-06,3.11352840740738e-06,6.258603843510417e-06,8.282925193559619e-06
7200,3,-1.793797995421695e-07,-1.050027153294472e-07,1.088401387977941e-24,9.663330064713154e-08,0,5.659495739791262e-07,1.131899147958252e-06,1.286093028882467e-06
7250,0,-5.45013205932858e-05,-5.741254633805813e-05,-9.773604225734453e-07,0.0006546566754991327,-0.000658435414406697,9.685182291744782e-06,2.046492571601752e-05,0.0009321441537218959
7250,1,-3.943538786957289e-06,-3.265608570840455e-07,3.517189971562368e-05,4.393354785334204e-06,6.638109962580873e-05,2.936699434945981e-06,-2.937127221228016e-07,7.541341455138613e-05
7250,2,-2.270759768533496e-06,-1.512868505489266e-08,2.045770368106098e-06,1.426275790333043e-06,-2.892520128307749e-06,3.113525082789846e-06,6.258597194275348e-06,8.282920246303904e-06
7250,3,-1.793809290808223e-07,-1.050042789037595e-07,1.088399913127261e-24,9.663330061089218e-08,0,5.6594879219197e-07,1.13189758438394e-06,1.286091593942943e-06
7300,0,-5.450132045255546e-05,-5.741254614519756e-05,-9.773604225734453e-07,0.0006546566754991369,-0.000658435414406697,9.68518238817506e-06,2.046492590887808e-05,0.0009321441537070279
7300,1,-3.943539556943638e-06,-3.265613923623799e-07,3.517189971562368e-05,4.393354785319262e-06,6.638109962580873e-05,2.936698905665461e-06,-2.937137806838434e-07,7.541341457747939e-05
7300,2,-2.270764072284582e-06,-1.513349308496067e-08,2.045770368106098e-06,1.426275790264947e-06,-2.892520128307749e-06,3.113522124586531e-06,6.258591277868719e-06,8.282915852517033e-06
7300,3,-1.793819377092958e-07,-1.050056655950296e-07,1.088398605122554e-24,9.663330057939219e-08,0,5.659480988463352e-07,1.13189619769267e-06,1.286090322295899e-06
7350,0,-5.450132026262911e-05,-5.741254588513134e-05,-9.773604225734453e-07,0.0006546566754991442,-0.000658435414406697,9.68518251820817e-06,2.04649261689443e-05,0.0009321441536869711
7350,1,-3.9435402659937e-06,-3.265619193530334e-07,3.517189971562368e-05,4.393354785306032e-06,6.638109962580873e-05,2.936698421643601e-06,-2.937147487275634e-07,7.54134146017603e-05
7350,2,-2.270768021814348e-06,-1.513792543485243e-08,2.045770368106098e-06,1.426275790205795e-06,-2.892520128307749e-06,3.113519428322344e-06,6.258585885340344e-06,8.282911855248538e-06
7350,3,-1.793828738675856e-07,-1.050069437872939e-07,1.088397399460171e-24,9.663330055045227e-08,0,5.659474597502028e-07,1.131894919500406e-06,1.286089151048384e-06
7400,0,-5.450131989429805e-05,-5.74125454498306e-05,-9.773604225734453e-07,0.0006546566754991516,-0.000658435414406697,9.685182768335822e-06,2.04649266691996e-05,0.0009321441536522113
7400,1,-3.943540877562116e-06,-3.265623786476106e-07,3.517189971562368e-05,4.393354785294482e-06,6.638109962580873e-05,2.936698006978651e-06,-2.93715578057461e-07,7.541341462281124e-05
7400,2,-2.270771588330914e-06,-1.514193937303964e-08,2.045770368106098e-06,1.426275790151405e-06,-2.892520128307749e-06,3.113517010065927e-06,6.25858104882751e-06,8.282908276847574e-06
7400,3,-1.793837086924853e-07,-1.050080758621675e-07,1.088396331623879e-24,9.663330052509215e-08,0,5.659468937127664e-07,1.131893787425533e-06,1.286088114487715e-06
7450,0,-5.450131966203492e-05,-5.741254513689186e-05,-9.773604225734453e-07,0.0006546566754991559,-0.000658435414406697,9.685182924805189e-06,2.046492698213833e-05,0.0009321441536278558
7450,1,-3.943541411298716e-06,-3.265627737602144e-07,3.517189971562368e-05,4.393354785283858e-06,6.638109962580873e-05,2.936697647533023e-06,-2.93716296948717e-07,7.541341464123451e-05
7450,2,-2.27077483469551e-06,-1.514558747495352e-08,2.045770368106098e-06,1.426275790104882e-06,-2.892520128307749e-06,3.113514823676455e-06,6.258576676048567e-06,8.282905047570223e-06
7450,3,-1.793844688500188e-07,-1.050090997642891e-07,1.088395365822172e-24,9.66333005018056e-08,0,5.659463817617057e-07,1.131892763523411e-06,1.286087177686495e-06
7500,0,-5.450131955843007e-05,-5.741254499817873e-05,-9.773604225734453e-07,0.0006546566754991592,-0.000658435414406697,9.685182994161758e-06,2.046492712085148e-05,0.0009321441536170228
7500,1,-3.943541879586281e-06,-3.265631403439009e-07,3.517189971562368e-05,4.393354785274529e-06,6.638109962580873e-05,2.936697334297926e-06,-2.937169234189126e-07,7.541341465755137e-05
7500,2,-2.27077780568198e-06,-1.514894383654712e-08,2.045770368106098e-06,1.426275790062044e-06,-2.892520128307749e-06,3.113512836164463e-06,6.258572701024582e-06,8.282902117570374e-06
7500,3,-1.793851606916274e-07,-1.050100254058005e-07,1.088394492705364e-24,9.663330048053497e-08,0,5.659459189409501e-07,1.1318918378819e-06,1.286086331434804e-06
7550,0,-5.450131945518919e-05,-5.741254486059759e-05,-9.773604225734453e-07,0.0006546566754991601,-0.000658435414406697,9.685183062952326e-06,2.046492725843261e-05,0.0009321441536062485
7550,1,-3.94354233595036e-06,-3.265635098882269e-07,3.517189971562368e-05,4.393354785265485e-06,6.638109962580873e-05,2.936697031020225e-06,-2.937175299743123e-07,7.541341467356779e-05
7550,2,-2.270780518700644e-06,-1.515201480591223e-08,2.045770368106098e-06,1.4262757900231e-06,-2.892520128307749e-06,3.113511033276361e-06,6.25856909524838e-06,8.282899464733787e-06
7550,3,-1.793857904502778e-07,-1.050108623896191e-07,1.088393703215447e-24,9.663330046165178e-08,0,5.659455004490406e-07,1.131891000898081e-06,1.286085566821263e-06
7600,0,-5.450131926543277e-05,-5.74125446336134e-05,-9.773604225734453e-07,0.000654656675499162,-0.000658435414406697,9.685183188081582e-06,2.046492750869113e-05,0.0009321441535879692
7600,1,-3.943542731751878e-06,-3.265638426544664e-07,3.517189971562368e-05,4.393354785257567e-06,6.638109962580873e-05,2.936696769715935e-06,-2.93718052582892e-07,7.54134146875656e-05
7600,2,-2.270782943470257e-06,-1.515477112259461e-08,2.045770368106098e-06,1.426275789989776e-06,-2.892520128307749e-06,3.113509432560178e-06,6.258565893816012e-06,8.282897113819466e-06
7600,3,-1.793863753991565e-07,-1.05011634693119e-07,1.088392974735622e-24,9.663330044394965e-08,0,5.659451142972905e-07,1.131890228594581e-06,1.28608486183429e-06
7650,0,-5.450131913396446e-05,-5.741254448061087e-05,-9.773604225734453e-07,0.0006546566754991635,-0.000658435414406697,9.685183274489138e-06,2.046492768150624e-05,0.0009321441535755516
7650,1,-3.943543120309996e-06,-3.265641842649527e-07,3.517189971562368e-05,4.393354785249378e-06,6.638109962580873e-05,2.936696514893826e-06,-2.937185622271112e-07,7.541341470142484e-05
7650,2,-2.270785173971893e-06,-1.515730645282772e-08,2.045770368106098e-06,1.426275789959073e-06,-2.892520128307749e-06,3.113507969771121e-06,6.258562968237897e-06,8.282894969526434e-06
7650,3,-1.793869077689604e-07,-1.050123329672415e-07,1.088392316084443e-24,9.663330042611827e-08,0,5.659447651602292e-07,1.131889530320458e-06,1.286084224911694e-06
7700,0,-5.45013190238402e-05,-5.741254438196624e-05,-9.773604225734453e-07,0.0006546566754991661,-0.000658435414406697,9.685183346088935e-06,2.046492782470583e-05,0.0009321441535669267
7700,1,-3.943543466117098e-06,-3.265644925142518e-07,3.517189971562368e-05,4.393354785242917e-06,6.638109962580873e-05,2.936696289576073e-06,-2.937190128626156e-07,7.541341471382332e-05
7700,2,-2.270787216111774e-06,-1.515963804944692e-08,2.045770368106098e-06,1.426275789930729e-06,-2.892520128307749e-06,3.113506639219033e-06,6.258560307133721e-06,8.282893022766993e-06
7700,3,-1.793873922645796e-07,-1.050129643075394e-07,1.088391720568988e-24,9.663330041182855e-08,0,5.659444494900801e-07,1.13188889898016e-06,1.286083649483102e-06
7750,0,-5.450131886825719e-05,-5.741254420666825e-05,-9.773604225734453e-07,0.0006546566754991711,-0.000658435414406697,9.685183446829319e-06,2.04649280261866e-05,0.0009321441535525067
7750,1,-3.943543761483001e-06,-3.265647550276183e-07,3.517189971562368e-05,4.393354785237594e-06,6.638109962580873e-05,2.93669609836967e-06,-2.937193952754229e-07,7.541341472444873e-05
7750,2,-2.270789083688515e-06,-1.516177715161417e-08,2.045770368106098e-06,1.426275789904885e-06,-2.892520128307749e-06,3.113505430274525e-06,6.258557889244705e-06,8.282891257285506e-06
7750,3,-1.793878064630409e-07,-1.050135005282562e-07,1.088391214775638e-24,9.663330039968306e-08,0,5.659441813797217e-07,1.131888362759443e-06,1.286083161127138e-06
7800,0,-5.450131878628332e-05,-5.741254410112703e-05,-9.773604225734453e-07,0.0006546566754991742,-0.000658435414406697,9.685183499599931e-06,2.046492813172782e-05,0.0009321441535440809
7800,1,-3.943544040040371e-06,-3.265650127691138e-07,3.517189971562368e-05,4.393354785232515e-06,6.638109962580873e-05,2.936695919176342e-06,-2.93719753662081e-07,7.541341473454878e-05
7800,2,-2.270790753593589e-06,-1.516368872914757e-08,2.045770368106098e-06,1.426275789881573e-06,-2.892520128307749e-06,3.1135043562525e-06,6.258555741200657e-06,8.282889691808635e-06
7800,3,-1.79388200013847e-07,-1.050140067930814e-07,1.08839073723836e-24,9.663330038797925e-08,0,5.659439282473091e-07,1.131887856494618e-06,1.286082700401026e-06
7850,0,-5.450131854214232e-05,-5.741254384512498e-05,-9.773604225734453e-07,0.0006546566754991785,-0.000658435414406697,9.685183655435984e-06,2.046492844339993e-05,0.0009321441535225035
7850,1,-3.943544299144809e-06,-3.265652557644854e-07,3.517189971562368e-05,4.393354785227831e-06,6.638109962580873e-05,2.936695753609934e-06,-2.937200847948966e-07,7.541341474399226e-05
7850,2,-2.27079225390219e-06,-1.516541693945219e-08,2.045770368106098e-06,1.426275789861231e-06,-2.892520128307749e-06,3.113503397451981e-06,6.258553823599618e-06,8.282888296936175e-06
7850,3,-1.793885576658669e-07,-1.050144638978121e-07,1.088390306071631e-24,9.663330037749931e-08,0,5.659436996949437e-07,1.131887399389887e-06,1.286082284736492e-06
7900,0,-5.450131832068276e-05,-5.741254358014035e-05,-9.773604225734453e-07,0.0006546566754991842,-0.000658435414406697,9.685183796137509e-06,2.046492872480298e-05,0.0009321441535008781
7900,1,-3.943544531656887e-06,-3.26565481383971e-07,3.517189971562368e-05,4.393354785223545e-06,6.638109962580873e-05,2.936695605962236e-06,-2.937203800902921e-07,7.541341475252814e-05
7900,2,-2.270793627533395e-06,-1.516699945830198e-08,2.045770368106098e-06,1.426275789841156e-06,-2.892520128307749e-06,3.113502525217511e-06,6.258552079130679e-06,8.282887030427195e-06
7900,3,-1.793888767654082e-07,-1.050148691663978e-07,1.08838992379965e-24,9.663330036826698e-08,0,5.659434970606504e-07,1.131886994121301e-06,1.286081916488777e-06
7950,0,-5.450131832068276e-05,-5.741254358014035e-05,-9.773604225734453e-07,0.0006546566754991842,-0.000658435414406697,9.685183796137509e-06,2.046492872480298e-05,0.0009321441535008781
7950,1,-3.943544748212069e-06,-3.265656957084478e-07,3.517189971562368e-05,4.393354785219735e-06,6.638109962580873e-05,2.936695469327135e-06,-2.937206533604952e-07,7.541341476052378e-05
7950,2,-2.27079487819882e-06,-1.516844364739374e-08,2.045770368106098e-06,1.426275789823264e-06,-2.892520128307749e-06,3.113501736057045e-06,6.258550500809745e-06,8.282885886723011e-06
7950,3,-1.793891790373488e-07,-1.05015250626361e-07,1.088389563985293e-24,9.663330035939718e-08,0,5.65943306330669e-07,1.131886612661338e-06,1.286081570142659e-06
8000,0,-5.450131821803478e-05,-5.741254345122802e-05,-9.773604225734453e-07,0.0006546566754991866,-0.000658435414406697,9.685183860593677e-06,2.046492885371531e-05,0.0009321441534904382
8000,1,-3.943544930855308e-06,-3.265658799070898e-07,3.517189971562368e-05,4.393354785216382e-06,6.638109962580873e-05,2.936695354808302e-06,-2.937208823981588e-07,7.541341476730464e-05
8000,2,-2.270796024428413e-06,-1.516976898609976e-08,2.045770368106098e-06,1.426275789808414e-06,-2.892520128307749e-06,3.113501017341459e-06,6.258549063378575e-06,8.282884847106964e-06
8000,3,-1.793894540584366e-07,-1.05015595520161e-07,1.088389238662184e-24,9.663330035150333e-08,0,5.659431338837692e-07,1.131886267767538e-06,1.286081257237493e-06
8050,0,-5.450131813798353e-05,-5.741254336083477e-05,-9.773604225734453e-07,0.0006546566754991878,-0.000658435414406697,9.685183910443492e-06,2.046492895341494e-05,0.0009321441534828978
8050,1,-3.943545103336401e-06,-3.265660569981078e-07,3.517189971562368e-05,4.393354785213207e-06,6.638109962580873e-05,2.936695247330435e-06,-2.93721097353895e-07,7.541341477374265e-05
8050,2,-2.270797049980765e-06,-1.51709584995397e-08,2.045770368106098e-06,1.426275789794495e-06,-2.892520128307749e-06,3.11350037831127e-06,6.258547785318196e-06,8.282883924532518e-06
8050,3,-1.793897042754686e-07,-1.050159073528207e-07,1.088388944524192e-24,9.66333003444089e-08,0,5.659429779674393e-07,1.131885955934879e-06,1.28608097454472e-06
8100,0,-5.450131802245683e-05,-5.741254323381461e-05,-9.773604225734453e-07,0.0006546566754991889,-0.000658435414406697,9.685183981962021e-06,2.0464929096452e-05,0.0009321441534722039
8100,1,-3.943545262659317e-06,-3.265662235590126e-07,3.517189971562368e-05,4.393354785210325e-06,6.638109962580873e-05,2.936695148666982e-06,-2.937212946808012e-07,7.541341477972157e-05
8100,2,-2.270797999202263e-06,-1.517206308413221e-08,2.045770368106098e-06,1.426275789781719e-06,-2.892520128307749e-06,3.113499790496409e-06,6.258546609688474e-06,8.282883077524841e-06
8100,3,-1.793899183330906e-07,-1.050161724760991e-07,1.088388694445098e-24,9.66333003383081e-08,0,5.659428454057998e-07,1.1318856908116e-06,1.286080734380786e-06
8150,0,-5.45013179854207e-05,-5.741254319428638e-05,-9.773604225734453e-07,0.0006546566754991891,-0.000658435414406697,9.685184004719872e-06,2.04649291419677e-05,0.0009321441534688396
8150,1,-3.94354532672934e-06,-3.265662166944784e-07,3.517189971562379e-05,4.39335478521011e-06,6.638109962776173e-05,2.936695109311076e-06,-2.937213733927211e-07,7.541341478353536e-05
8150,2,-2.270798859912036e-06,-1.517306612856662e-08,2.045770368106098e-06,1.42627578976844e-06,-2.892520128307749e-06,3.113499260767148e-06,6.258545550229953e-06,8.28288231567854e-06
8150,3,-1.793901169480023e-07,-1.050164169373271e-07,1.088388463855605e-24,9.663330033426861e-08,0,5.659427231751857e-07,1.131885446350371e-06,1.286080513106854e-06
8200,0,-5.450131797549975e-05,-5.741254319401439e-05,-9.773604225734453e-07,0.0006546566754991893,-0.000658435414406697,9.685184010793681e-06,2.046492915411532e-05,0.0009321441534685728
8200,1,-3.943545453819669e-06,-3.265662150745165e-07,3.517189971562379e-05,4.393354785209417e-06,6.638109962776173e-05,2.936695031569944e-06,-2.93721528874985e-07,7.541341478775238e-05
8200,2,-2.270799635766222e-06,-1.517397158104735e-08,2.045770368106098e-06,1.426275789764518e-06,-2.892520128307749e-06,3.113498786170673e-06,6.258544601037003e-06,8.282881634432551e-06
8200,3,-1.793903053420008e-07,-1.050166474146288e-07,1.088388246456533e-24,9.663330033384164e-08,0,5.659426079365349e-07,1.13188521587307e-06,1.286080304649887e-06
8250,0,-5.450131794702321e-05,-5.741254317027278e-05,-9.773604225734453e-07,0.0006546566754991896,-0.000658435414406697,9.68518402807563e-06,2.046492918867922e-05,0.0009321441534663841
8250,1,-3.943545558092792e-06,-3.265662066056971e-07,3.517189971562379e-05,4.393354785208702e-06,6.638109962776173e-05,2.93669496817554e-06,-2.937216556637949e-07,7.541341479119352e-05
8250,2,-2.270800344369184e-06,-1.517480090916962e-08,2.045770368106098e-06,1.426275789761158e-06,-2.892520128307749e-06,3.11349835535693e-06,6.258543739409514e-06,8.282881017232314e-06
8250,3,-1.793904699494606e-07,-1.050168475745453e-07,1.088388057654513e-24,9.663330033347083e-08,0,5.65942507856577e-07,1.131885015713154e-06,1.286080123752591e-06
8300,0,-5.45013179120885e-05,-5.741254313754122e-05,-9.773604225734453e-07,0.0006546566754991896,-0.000658435414406697,9.685184049200154e-06,2.046492923092827e-05,0.0009321441534634726
8300,1,-3.943545665752948e-06,-3.26566215063752e-07,3.517189971562379e-05,4.393354785208109e-06,6.638109962776173e-05,2.936694903112788e-06,-2.937217857892983e-07,7.54134147948331e-05
8300,2,-2.270800992235479e-06,-1.517556015282708e-08,2.045770368106098e-06,1.426275789757869e-06,-2.892520128307749e-06,3.113497963855858e-06,6.258542956407373e-06,8.28288045743933e-06
8300,3,-1.793906258394747e-07,-1.050170359822081e-07,1.088387879937875e-24,9.663330033293681e-08,0,5.659424136527457e-07,1.131884827305491e-06,1.286079953608748e-06
8350,0,-5.450131789166528e-05,-5.741254311307642e-05,-9.773604225734453e-07,0.0006546566754991896,-0.000658435414406697,9.685184061432555e-06,2.046492925539307e-05,0.0009321441534614358
8350,1,-3.943545762893296e-06,-3.265662203086547e-07,3.517189971562379e-05,4.3933547852076e-06,6.638109962776173e-05,2.936694844767057e-06,-2.937219024807593e-07,7.541341479811792e-05
8350,2,-2.270801583329945e-06,-1.517625423216035e-08,2.045770368106098e-06,1.426275789754869e-06,-2.892520128307749e-06,3.113497608802358e-06,6.258542246300374e-06,8.282879950742866e-06
8350,3,-1.793907647781314e-07,-1.050172028922435e-07,1.088387722499001e-24,9.663330033262758e-08,0,5.659423301977281e-07,1.131884660395456e-06,1.286079802995265e-06
8400,0,-5.450131789166528e-05,-5.741254311307642e-05,-9.773604225734453e-07,0.0006546566754991896,-0.000658435414406697,9.685184061432555e-06,2.046492925539307e-05,0.0009321441534614358
8400,1,-3.943545849305891e-06,-3.26566227377201e-07,3.517189971562379e-05,4.393354785207123e-06,6.638109962776173e-05,2.936694793181668e-06,-2.937220056515377e-07,7.541341480106024e-05
8400,2,-2.270802118261822e-06,-1.51768837148185e-08,2.045770368106098e-06,1.426275789752293e-06,-2.892520128307749e-06,3.113497289404682e-06,6.258541607505022e-06,8.282879495816867e-06
8400,3,-1.793908910518622e-07,-1.050173536741035e-07,1.088387580273123e-24,9.663330033227324e-08,0,5.659422548067976e-07,1.131884509613595e-06,1.286079667041358e-06
8450,0,-5.450131784861836e-05,-5.741254306239358e-05,-9.773604225734453e-07,0.0006546566754991904,-0.000658435414406697,9.685184086968616e-06,2.046492930646519e-05,0.0009321441534571846
8450,1,-3.943545934633751e-06,-3.265662423783002e-07,3.517189971562379e-05,4.393354785206674e-06,6.638109962776173e-05,2.936694742539983e-06,-2.937221069349086e-07,7.541341480400961e-05
8450,2,-2.270802601267197e-06,-1.517745318763832e-08,2.045770368106098e-06,1.426275789749965e-06,-2.892520128307749e-06,3.113497002718389e-06,6.258541034132435e-06,8.28287908827458e-06
8450,3,-1.793910059847272e-07,-1.050174901057914e-07,1.088387451583131e-24,9.663330033202051e-08,0,5.659421865909539e-07,1.131884373181908e-06,1.286079544120869e-06
8500,0,-5.450131782516863e-05,-5.741254304195229e-05,-9.773604225734453e-07,0.0006546566754991904,-0.000658435414406697,9.68518410079163e-06,2.046492933411122e-05,0.000932144153455305
8500,1,-3.943546006760667e-06,-3.265662547357482e-07,3.517189971562379e-05,4.393354785206286e-06,6.638109962776173e-05,2.936694699983636e-06,-2.93722192047601e-07,7.541341480650909e-05
8500,2,-2.27080303606521e-06,-1.517796609266514e-08,2.045770368106098e-06,1.426275789747935e-06,-2.892520128307749e-06,3.113496746169294e-06,6.258540521034244e-06,8.282878724284183e-06
8500,3,-1.79391110628267e-07,-1.050176135986292e-07,1.088387335097784e-24,9.663330033164714e-08,0,5.65942124844535e-07,1.13188424968907e-06,1.28607943294305e-06
8550,0,-5.450131782516863e-05,-5.741254304195229e-05,-9.773604225734453e-07,0.0006546566754991904,-0.000658435414406697,9.68518410079163e-06,2.046492933411122e-05,0.000932144153455305
8550,1,-3.943546075956208e-06,-3.265662692883119e-07,3.517189971562379e-05,4.393354785205923e-06,6.638109962776173e-05,2.936694659397271e-06,-2.937222732203317e-07,7.541341480892614e-05
8550,2,-2.270803435293558e-06,-1.517843445091262e-08,2.045770368106098e-06,1.42627578974591e-06,-2.892520128307749e-06,3.113496511990171e-06,6.258540052675998e-06,8.282878392674843e-06
8550,3,-1.793912076608895e-07,-1.050177274321674e-07,1.088387227723629e-24,9.663330033135061e-08,0,5.659420679277663e-07,1.131884135855533e-06,1.286079330541379e-06
8600,0,-5.450131780565565e-05,-5.741254302505207e-05,-9.773604225734453e-07,0.0006546566754991905,-0.000658435414406697,9.685184112169329e-06,2.046492935686662e-05,0.000932144153453741
8600,1,-3.943546131685652e-06,-3.265662770026527e-07,3.517189971562379e-05,4.393354785205629e-06,6.638109962776173e-05,2.936694626900306e-06,-2.937223382142603e-07,7.541341481086143e-05
8600,2,-2.270803797214187e-06,-1.517885656636872e-08,2.045770368106098e-06,1.426275789744142e-06,-2.892520128307749e-06,3.113496300932442e-06,6.258539630560541e-06,8.282878094384984e-06
8600,3,-1.793912959061421e-07,-1.05017830353121e-07,1.088387130642833e-24,9.663330033115994e-08,0,5.659420164672897e-07,1.131884032934579e-06,1.286079238028188e-06
8650,0,-5.450131776413033e-05,-5.741254298719796e-05,-9.773604225734453e-07,0.0006546566754991911,-0.000658435414406697,9.685184136219853e-06,2.046492940496767e-05,0.0009321441534502878
8650,1,-3.943546185145263e-06,-3.265662896951964e-07,3.517189971562379e-05,4.393354785205347e-06,6.638109962776173e-05,2.93669459590512e-06,-2.937224002046355e-07,7.541341481274636e-05
8650,2,-2.27080412561179e-06,-1.517923736198224e-08,2.045770368106098e-06,1.42627578974262e-06,-2.892520128307749e-06,3.113496110534635e-06,6.258539249764928e-06,8.282877825816172e-06
8650,3,-1.793913761570525e-07,-1.050179234075771e-07,1.088387042868669e-24,9.663330033090978e-08,0,5.659419699400612e-07,1.131883939880122e-06,1.286079154448664e-06
8700,0,-5.450131776413033e-05,-5.741254298719796e-05,-9.773604225734453e-07,0.0006546566754991911,-0.000658435414406697,9.685184136219853e-06,2.046492940496767e-05,0.0009321441534502878
8700,1,-3.943546231593157e-06,-3.265662991324693e-07,3.517189971562379e-05,4.393354785205038e-06,6.638109962776173e-05,2.936694569126624e-06,-2.937224537616263e-07,7.541341481438189e-05
8700,2,-2.270804427459949e-06,-1.517958535083931e-08,2.045770368106098e-06,1.426275789741214e-06,-2.892520128307749e-06,3.113495936540206e-06,6.258538901776071e-06,8.282877580863325e-06
8700,3,-1.793914477320701e-07,-1.05018005927442e-07,1.088386965031321e-24,9.663330033075692e-08,0,5.65941928680129e-07,1.131883857360258e-06,1.286079080388185e-06
8750,0,-5.450131754964206e-05,-5.741254274088548e-05,-9.773604225734453e-07,0.0006546566754991915,-0.000658435414406697,9.685184259376094e-06,2.046492965128015e-05,0.0009321441534292639
8750,1,-3.943546190072771e-06,-3.265662760848834e-07,3.517189971562202e-05,4.393354785204495e-06,6.638109962481681e-05,2.936694593031912e-06,-2.937224059492083e-07,7.541341481026249e-05
8750,2,-2.270804488575362e-06,-1.517955831610712e-08,2.045770368106098e-06,1.426275789738917e-06,-2.892520128307749e-06,3.113495901715184e-06,6.258538832126025e-06,8.282877531850456e-06
8750,3,-1.793914954588662e-07,-1.050180206260776e-07,1.088386913453657e-24,9.66333003304277e-08,0,5.659419013398996e-07,1.131883802679799e-06,1.286079028090048e-06
8800,0,-5.450131752815138e-05,-5.741254272554331e-05,-9.773604225734453e-07,0.0006546566754991919,-0.000658435414406697,9.685184271626112e-06,2.046492967578019e-05,0.0009321441534277278
8800,1,-3.943546229595077e-06,-3.265662792613067e-07,3.517189971562202e-05,4.393354785203901e-06,6.638109962481681e-05,2.936694570505356e-06,-2.937224510023224e-07,7.541341481164119e-05
8800,2,-2.270804731855177e-06,-1.5179692102052e-08,2.045770368106098e-06,1.426275789732899e-06,-2.892520128307749e-06,3.113495763078311e-06,6.25853855485228e-06,8.282877337170452e-06
8800,3,-1.793915559187205e-07,-1.050180223887159e-07,1.088386848455617e-24,9.663330032995485e-08,0,5.659418668858132e-07,1.131883733771626e-06,1.286078960859337e-06
8850,0,-5.450131752815138e-05,-5.741254272554331e-05,-9.773604225734453e-07,0.0006546566754991919,-0.000658435414406697,9.685184271626112e-06,2.046492967578019e-05,0.0009321441534277278
8850,1,-3.943546265129621e-06,-3.265662811936846e-07,3.517189971562202e-05,4.393354785203383e-06,6.638109962481681e-05,2.936694550371788e-06,-2.937224912694581e-07,7.541341481288051e-05
8850,2,-2.270804957084628e-06,-1.517981898048065e-08,2.045770368106098e-06,1.426275789727183e-06,-2.892520128307749e-06,3.113495635456443e-06,6.258538299608542e-06,8.282877158315583e-06
8850,3,-1.793916143478914e-07,-1.050180254143799e-07,1.088386785998809e-24,9.663330032946706e-08,0,5.659418337787797e-07,1.131883667557559e-06,1.286078896412379e-06
8900,0,-5.450131751583344e-05,-5.741254271780868e-05,-9.773604225734453e-07,0.0006546566754991922,-0.000658435414406697,9.685184278574337e-06,2.046492968967663e-05,0.0009321441534269087
8900,1,-3.943546298332708e-06,-3.265662837059407e-07,3.517189971562202e-05,4.393354785202918e-06,6.638109962481681e-05,2.93669453166109e-06,-2.93722528690853e-07,7.541341481404477e-05
8900,2,-2.27080515910738e-06,-1.517993531211126e-08,2.045770368106098e-06,1.426275789722259e-06,-2.892520128307749e-06,3.113495521631501e-06,6.258538071958659e-06,8.282876999115373e-06
8900,3,-1.793916663558235e-07,-1.050180292526338e-07,1.088386730716017e-24,9.663330032909349e-08,0,5.659418044745407e-07,1.131883608949081e-06,1.286078839503246e-06
8950,0,-5.450131751583344e-05,-5.741254271780868e-05,-9.773604225734453e-07,0.0006546566754991922,-0.000658435414406697,9.685184278574337e-06,2.046492968967663e-05,0.0009321441534269087
8950,1,-3.943546326677567e-06,-3.265662865166362e-07,3.517189971562202e-05,4.393354785202592e-06,6.638109962481681e-05,2.936694515783439e-06,-2.937225604461555e-07,7.541341481504453e-05
8950,2,-2.270805345412807e-06,-1.51800431948664e-08,2.045770368106098e-06,1.42627578971784e-06,-2.892520128307749e-06,3.113495417247899e-06,6.258537863191456e-06,8.282876853407469e-06
8950,3,-1.793917144804945e-07,-1.0501803387844e-07,1.088386679851936e-24,9.66333003286981e-08,0,5.659417775125681e-07,1.131883555025136e-06,1.286078787270355e-06
9000,0,-5.450131750806969e-05,-5.741254271157385e-05,-9.773604225734453e-07,0.0006546566754991926,-0.000658435414406697,9.685184282907628e-06,2.046492969834322e-05,0.0009321441534263063
9000,1,-3.943546349959237e-06,-3.265662868629759e-07,3.517189971562202e-05,4.393354785202363e-06,6.638109962481681e-05,2.936694502810057e-06,-2.937225863929202e-07,7.541341481585933e-05
9000,2,-2.270805512247186e-06,-1.518014058825697e-08,2.045770368106098e-06,1.426275789713517e-06,-2.892520128307749e-06,3.113495324294593e-06,6.258537677284842e-06,8.282876723912296e-06
9000,3,-1.793917590958169e-07,-1.050180391277908e-07,1.088386632957218e-24,9.663330032826138e-08,0,5.659417526546692e-07,1.131883505309338e-06,1.286078739228382e-06
9050,0,-5.450131750806969e-05,-5.741254271157385e-05,-9.773604225734453e-07,0.0006546566754991926,-0.000658435414406697,9.685184282907628e-06,2.046492969834322e-05,0.0009321441534263063
9050,1,-3.943546374838737e-06,-3.265662893151655e-07,3.517189971562202e-05,4.393354785202181e-06,6.638109962481681e-05,2.936694489024797e-06,-2.937226139634399e-07,7.541341481674151e-05
9050,2,-2.270805664380937e-06,-1.518023162323325e-08,2.045770368106098e-06,1.426275789709922e-06,-2.892520128307749e-06,3.113495240000685e-06,6.258537508697027e-06,8.282876606716431e-06
9050,3,-1.793917995924744e-07,-1.050180447633129e-07,1.088386590627431e-24,9.663330032783783e-08,0,5.659417302165444e-07,1.131883460433089e-06,1.286078695967578e-06
9100,0,-5.450131749915209e-05,-5.741254270618343e-05,-9.773604225734453e-07,0.0006546566754991928,-0.000658435414406697,9.685184287816045e-06,2.046492970816005e-05,0.0009321441534257195
9100,1,-3.943546397673562e-06,-3.265662934254225e-07,3.517189971562202e-05,4.393354785201894e-06,6.638109962481681e-05,2.936694476442348e-06,-2.937226391283383e-07,7.541341481756142e-05
9100,2,-2.270805803443786e-06,-1.51803151236385e-08,2.045770368106098e-06,1.42627578970654e-06,-2.892520128307749e-06,3.113495163372956e-06,6.25853735544157e-06,8.282876500390129e-06
9100,3,-1.793918348749425e-07,-1.050180504243695e-07,1.088386553951306e-24,9.663330032770121e-08,0,5.659417107753058e-07,1.131883421550612e-06,1.2860786585755e-06
9150,0,-5.450131748343508e-05,-5.741254269362823e-05,-9.773604225734453e-07,0.0006546566754991931,-0.000658435414406697,9.685184296424878e-06,2.046492972537772e-05,0.000932144153424495
9150,1,-3.943546416505232e-06,-3.265662965098432e-07,3.517189971562202e-05,4.393354785201641e-06,6.638109962481681e-05,2.936694466120239e-06,-2.937226597725586e-07,7.541341481823796e-05
9150,2,-2.270805927059059e-06,-1.518039058291797e-08,2.045770368106098e-06,1.426275789703688e-06,-2.892520128307749e-06,3.113495095630915e-06,6.258537219957488e-06,8.282876406582262e-06
9150,3,-1.793918682361631e-07,-1.050180564780133e-07,1.08838651946214e-24,9.663330032738087e-08,0,5.659416924933288e-07,1.131883384986658e-06,1.286078623498155e-06
9200,0,-5.450131747871792e-05,-5.741254269269698e-05,-9.773604225734453e-07,0.0006546566754991932,-0.000658435414406697,9.685184298999759e-06,2.046492973052748e-05,0.0009321441534243017
9200,1,-3.943546434824821e-06,-3.265663002559269e-07,3.517189971562202e-05,4.393354785201446e-06,6.638109962481681e-05,2.936694456135923e-06,-2.937226797411918e-07,7.541341481890112e-05
9200,2,-2.270806039698274e-06,-1.518046108843636e-08,2.045770368106098e-06,1.426275789700989e-06,-2.892520128307749e-06,3.11349503424293e-06,6.258537097181518e-06,8.282876321746889e-06
9200,3,-1.793918985143515e-07,-1.05018062602091e-07,1.088386488330843e-24,9.663330032705496e-08,0,5.65941675991287e-07,1.131883351982574e-06,1.28607859191284e-06
9250,0,-5.450131747090641e-05,-5.741254268591386e-05,-9.773604225734453e-07,0.0006546566754991935,-0.000658435414406697,9.68518430323624e-06,2.046492973900044e-05,0.0009321441534236574
9250,1,-3.943546450329187e-06,-3.265663024218915e-07,3.517189971562202e-05,4.393354785201284e-06,6.638109962481681e-05,2.936694447731067e-06,-2.937226965509009e-07,7.541341481945943e-05
9250,2,-2.270806142482818e-06,-1.518052536165625e-08,2.045770368106098e-06,1.426275789698572e-06,-2.892520128307749e-06,3.113494978527316e-06,6.258536985750291e-06,8.282876244902722e-06
9250,3,-1.793919259934358e-07,-1.050180687254674e-07,1.088386460230668e-24,9.663330032682878e-08,0,5.65941661095978e-07,1.131883322191956e-06,1.286078563472267e-06
9300,0,-5.450131746884554e-05,-5.741254268542271e-05,-9.773604225734453e-07,0.0006546566754991935,-0.000658435414406697,9.685184304348899e-06,2.046492974122576e-05,0.000932144153423567
9300,1,-3.943546465002195e-06,-3.26566306021218e-07,3.517189971562202e-05,4.39335478520109e-06,6.638109962481681e-05,2.936694439820202e-06,-2.937227123726323e-07,7.541341481999585e-05
9300,2,-2.270806236477733e-06,-1.518058552414305e-08,2.045770368106098e-06,1.426275789696328e-06,-2.892520128307749e-06,3.113494927851917e-06,6.258536884399492e-06,8.282876175152677e-06
9300,3,-1.79391950931303e-07,-1.050180747901866e-07,1.088386434866634e-24,9.66333003266645e-08,0,5.659416476510407e-07,1.131883295302081e-06,1.286078537863638e-06
9350,0,-5.450131746428651e-05,-5.74125426820347e-05,-9.773604225734453e-07,0.0006546566754991936,-0.000658435414406697,9.685184306790478e-06,2.046492974610892e-05,0.0009321441534232245
9350,1,-3.943546478352636e-06,-3.265663097823013e-07,3.517189971562202e-05,4.393354785200925e-06,6.638109962481681e-05,2.936694432660993e-06,-2.937227266910481e-07,7.541341482048724e-05
9350,2,-2.270806321621661e-06,-1.518064036440862e-08,2.045770368106098e-06,1.426275789694327e-06,-2.892520128307749e-06,3.113494882193775e-06,6.258536793083209e-06,8.282876112434404e-06
9350,3,-1.793919735621692e-07,-1.050180807495801e-07,1.088386411972457e-24,9.663330032651977e-08,0,5.65941635515322e-07,1.131883271030644e-06,1.286078514805235e-06
9400,0,-5.450131745593508e-05,-5.74125426758399e-05,-9.773604225734453e-07,0.0006546566754991939,-0.000658435414406697,9.685184311237113e-06,2.046492975500218e-05,0.0009321441534225963
9400,1,-3.943546490236583e-06,-3.265663127033754e-07,3.517189971562202e-05,4.393354785200802e-06,6.638109962481681e-05,2.936694426322488e-06,-2.9372273936806e-07,7.541341482092386e-05
9400,2,-2.270806398160639e-06,-1.518069029192352e-08,2.045770368106098e-06,1.426275789692596e-06,-2.892520128307749e-06,3.113494841368129e-06,6.258536711431916e-06,8.282876056467444e-06
9400,3,-1.793919940987429e-07,-1.050180865666193e-07,1.088386391307755e-24,9.663330032637167e-08,0,5.659416245614003e-07,1.131883249122801e-06,1.286078494043341e-06
9450,0,-5.450131745593508e-05,-5.74125426758399e-05,-9.773604225734453e-07,0.0006546566754991939,-0.000658435414406697,9.685184311237113e-06,2.046492975500218e-05,0.0009321441534225963
9450,1,-3.94354650067305e-06,-3.265663157079948e-07,3.517189971562202e-05,4.39335478520068e-06,6.638109962481681e-05,2.936694420784864e-06,-2.937227504433046e-07,7.541341482131011e-05
9450,2,-2.270806468058663e-06,-1.518073628918991e-08,2.045770368106098e-06,1.42627578969093e-06,-2.892520128307749e-06,3.113494804283358e-06,6.258536637262374e-06,8.282876005732017e-06
9450,3,-1.793920127341878e-07,-1.050180922124807e-07,1.08838637265553e-24,9.663330032624929e-08,0,5.659416146742507e-07,1.131883229348501e-06,1.286078475349465e-06
9500,0,-5.450131745593508e-05,-5.74125426758399e-05,-9.773604225734453e-07,0.0006546566754991939,-0.000658435414406697,9.685184311237113e-06,2.046492975500218e-05,0.0009321441534225963
9500,1,-3.943546510875126e-06,-3.265663190192845e-07,3.517189971562202e-05,4.393354785200566e-06,6.638109962481681e-05,2.936694415400647e-06,-2.937227612117382e-07,7.541341482169021e-05
9500,2,-2.270806532479377e-06,-1.518077929099453e-08,2.045770368106098e-06,1.426275789689474e-06,-2.892520128307749e-06,3.11349477028494e-06,6.258536569265539e-06,8.282875959313734e-06
9500,3,-1.793920296439226e-07,-1.050180976653034e-07,1.088386355819892e-24,9.663330032609288e-08,0,5.659416057500353e-07,1.131883211500071e-06,1.286078458517815e-06
9550,0,-5.450131745154384e-05,-5.74125426743281e-05,-9.773604225734453e-07,0.0006546566754991939,-0.000658435414406697,9.685184313541127e-06,2.046492975961022e-05,0.0009321441534223716
9550,1,-3.943546519909808e-06,-3.265663221260718e-07,3.517189971562202e-05,4.393354785200472e-06,6.638109962481681e-05,2.936694410657583e-06,-2.937227706978677e-07,7.541341482202834e-05
9550,2,-2.270806590472664e-06,-1.518081860166939e-08,2.045770368106098e-06,1.426275789688108e-06,-2.892520128307749e-06,3.113494739839171e-06,6.258536508374e-06,8.282875917830761e-06
9550,3,-1.793920449872284e-07,-1.05018102909102e-07,1.088386340624017e-24,9.663330032597195e-08,0,5.659415976950229e-07,1.131883195390046e-06,1.286078443363076e-06
9600,0,-5.450131744895884e-05,-5.741254267337304e-05,-9.773604225734453e-07,0.000654656675499194,-0.000658435414406697,9.685184314888377e-06,2.046492976230472e-05,0.0009321441534222349
9600,1,-3.943546527511581e-06,-3.265663247188537e-07,3.517189971562202e-05,4.393354785200378e-06,6.638109962481681e-05,2.936694406686824e-06,-2.937227786393846e-07,7.541341482231339e-05
9600,2,-2.270806642663154e-06,-1.518085432035927e-08,2.045770368106098e-06,1.42627578968692e-06,-2.892520128307749e-06,3.113494712582673e-06,6.258536453861004e-06,8.282875880768819e-06
9600,3,-1.793920589087439e-07,-1.05018107932836e-07,1.088386326908276e-24,9.663330032585809e-08,0,5.659415904245984e-07,1.131883180849197e-06,1.286078429718343e-06
9650,0,-5.450131744626578e-05,-5.74125426723341e-05,-9.773604225734453e-07,0.000654656675499194,-0.000658435414406697,9.68518431628525e-06,2.046492976509845e-05,0.0009321441534220893
9650,1,-3.943546534367168e-06,-3.265663273399571e-07,3.517189971562202e-05,4.393354785200291e-06,6.638109962481681e-05,2.93669440312547e-06,-2.937227857620944e-07,7.541341482257228e-05
9650,2,-2.27080668998615e-06,-1.518088700022193e-08,2.045770368106098e-06,1.426275789685823e-06,-2.892520128307749e-06,3.113494687996749e-06,6.258536404689156e-06,8.282875847406489e-06
9650,3,-1.79392071283063e-07,-1.050181126328782e-07,1.088386314780411e-24,9.663330032576428e-08,0,5.659415839958738e-07,1.131883167991748e-06,1.286078417683324e-06
9700,0,-5.450131744043091e-05,-5.741254266694913e-05,-9.773604225734453e-07,0.0006546566754991941,-0.000658435414406697,9.685184319295056e-06,2.046492977111807e-05,0.0009321441534215799
9700,1,-3.943546540576378e-06,-3.265663298254674e-07,3.517189971562202e-05,4.393354785200221e-06,6.638109962481681e-05,2.936694399915921e-06,-2.937227921811896e-07,7.541341482280775e-05
9700,2,-2.270806733014491e-06,-1.518091692740116e-08,2.045770368106098e-06,1.42627578968484e-06,-2.892520128307749e-06,3.113494665757636e-06,6.258536360210928e-06,8.282875817290378e-06
9700,3,-1.793920825171081e-07,-1.050181171085531e-07,1.088386303826644e-24,9.663330032566006e-08,0,5.659415781895141e-07,1.131883156379028e-06,1.286078406840294e-06
9750,0,-5.450131743822902e-05,-5.741254266603095e-05,-9.773604225734453e-07,0.0006546566754991941,-0.000658435414406697,9.685184320427359e-06,2.046492977338268e-05,0.0009321441534214561
9750,1,-3.943546546701058e-06,-3.265663323797029e-07,3.517189971562202e-05,4.393354785200161e-06,6.638109962481681e-05,2.936694396766299e-06,-2.937227984804334e-07,7.541341482304097e-05
9750,2,-2.270806771704961e-06,-1.518094406340431e-08,2.045770368106098e-06,1.426275789684023e-06,-2.892520128307749e-06,3.113494645863912e-06,6.258536320423482e-06,8.282875790405898e-06
9750,3,-1.793920929139752e-07,-1.050181214437604e-07,1.08838629374146e-24,9.6633300325577e-08,0,5.659415728435718e-07,1.131883145687144e-06,1.286078396882058e-06
9800,0,-5.450131743619171e-05,-5.741254266394844e-05,-9.773604225734453e-07,0.0006546566754991941,-0.000658435414406697,9.685184321468614e-06,2.046492977546519e-05,0.0009321441534212653
9800,1,-3.943546551906676e-06,-3.265663344777547e-07,3.517189971562202e-05,4.393354785200105e-06,6.638109962481681e-05,2.936694394103649e-06,-2.937228038057353e-07,7.541341482323932e-05
9800,2,-2.270806807011097e-06,-1.518096907356588e-08,2.045770368106098e-06,1.426275789683219e-06,-2.892520128307749e-06,3.113494627802687e-06,6.258536284301031e-06,8.282875766047781e-06
9800,3,-1.793921023461653e-07,-1.050181255495316e-07,1.088386284638839e-24,9.663330032552079e-08,0,5.659415680184647e-07,1.131883136036929e-06,1.286078387916502e-06
9850,0,-5.450131743512175e-05,-5.741254266286142e-05,-9.773604225734453e-07,0.0006546566754991942,-0.000658435414406697,9.685184322012124e-06,2.046492977655221e-05,0.0009321441534211653
9850,1,-3.943546562957483e-06,-3.26566342964794e-07,3.517189971562202e-05,4.393354785199924e-06,6.638109962481681e-05,2.936694388479434e-06,-2.93722815054163e-07,7.541341482367873e-05
9850,2,-2.270806832725532e-06,-1.518098568106694e-08,2.045770368106098e-06,1.426275789682653e-06,-2.892520128307749e-06,3.113494614715104e-06,6.258536258125864e-06,8.282875748430408e-06
9850,3,-1.793921109029108e-07,-1.050181294294004e-07,1.088386276423102e-24,9.663330032545914e-08,0,5.659415636634758e-07,1.131883127326952e-06,1.286078379844768e-06
9900,0,-5.450131743367407e-05,-5.741254266139183e-05,-9.773604225734453e-07,0.0006546566754991942,-0.000658435414406697,9.685184322746915e-06,2.046492977802179e-05,0.0009321441534210301
9900,1,-3.943546573095146e-06,-3.265663508375821e-07,3.517189971562202e-05,4.393354785199759e-06,6.638109962481681e-05,2.936694383346131e-06,-2.937228253207719e-07,7.541341482408302e-05
9900,2,-2.270806856504468e-06,-1.518100129647814e-08,2.045770368106098e-06,1.426275789682111e-06,-2.892520128307749e-06,3.113494602674044e-06,6.258536234043745e-06,8.282875732255477e-06
9900,3,-1.79392118665214e-07,-1.05018133088387e-07,1.088386269007886e-24,9.663330032541281e-08,0,5.659415597328264e-07,1.131883119465653e-06,1.286078372577841e-06
9950,0,-5.45013174308907e-05,-5.741254265858998e-05,-9.773604225734453e-07,0.0006546566754991943,-0.000658435414406697,9.68518432414784e-06,2.046492978082364e-05,0.0009321441534207709
9950,1,-3.9435465820716e-06,-3.265663578116007e-07,3.517189971562202e-05,4.393354785199621e-06,6.638109962481681e-05,2.936694378823627e-06,-2.937228343657773e-07,7.541341482444173e-05
9950,2,-2.270806877796618e-06,-1.518101546371117e-08,2.045770368106098e-06,1.426275789681646e-06,-2.892520128307749e-06,3.113494591946401e-06,6.258536212588458e-06,8.282875717874677e-06
9950,3,-1.793921257066107e-07,-1.050181365326791e-07,1.088386262315232e-24,9.663330032535621e-08,0,5.659415561851916e-07,1.131883112370383e-06,1.286078366035556e-06
10000,0,-5.45013174279788e-05,-5.741254265599503e-05,-9.773604225734453e-07,0.0006546566754991943,-0.000658435414406697,9.68518432560672e-06,2.04649297837414e-05,0.00093214415342052
10000,1,-3.94354659016958e-06,-3.265663643009175e-07,3.517189971562202e-05,4.393354785199486e-06,6.638109962481681e-05,2.936694374763792e-06,-2.937228424854499e-07,7.541341482476683e-05
10000,2,-2.270806897316032e-06,-1.518102861043092e-08,2.045770368106098e-06,1.426275789681207e-06,-2.892520128307749e-06,3.113494582161293e-06,6.258536193018243e-06,8.282875704784658e-06
10000,3,-1.793921319718761e-07,-1.050181397065259e-07,1.088386256389845e-24,9.663330032530829e-08,0,5.659415530442697e-07,1.131883106088539e-06,1.286078360257801e-06
