eval_count,time_seconds,generation,best_fitness,best_f1,best_f2
300,0.0000000000,0,0.112612,1774.6635457184,300.0680110222
600,0.0282105000,1,0.112612,1774.6635457184,300.0680110222
900,0.0541340000,2,0.112612,1774.6635457184,300.0680110222
1199,0.0796383000,3,0.112612,1774.6635457184,300.0680110222
1498,0.1050239000,4,0.108260,1621.9303043639,296.6052795964
1797,0.1305483000,5,0.105705,1654.9293109224,282.6901805950
2096,0.1559180000,6,0.105705,1654.9293109224,282.6901805950
2394,0.1801056000,7,0.105705,1654.9293109224,282.6901805950
2692,0.2059321000,8,0.105705,1654.9293109224,282.6901805950
2990,0.2320798000,9,0.105705,1654.9293109224,282.6901805950
3288,0.2581027000,10,0.105705,1654.9293109224,282.6901805950
3586,0.2845623000,11,0.105705,1654.9293109224,282.6901805950
3883,0.3106632000,12,0.105705,1654.9293109224,282.6901805950
4180,0.3373550000,13,0.105705,1654.9293109224,282.6901805950
4477,0.3632773000,14,0.103943,1531.5899821305,287.2070212035
4774,0.3889501000,15,0.102332,1549.1829269544,278.7405741100
5070,0.4142288000,16,0.102332,1549.1829269544,278.7405741100
5366,0.4402223000,17,0.097755,1589.1633940278,255.6634707178
5662,0.4653343000,18,0.097755,1589.1633940278,255.6634707178
5958,0.4899352000,19,0.097755,1589.1633940278,255.6634707178
6254,0.5138823000,20,0.097755,1589.1633940278,255.6634707178
6549,0.5396730000,21,0.097755,1589.1633940278,255.6634707178
6844,0.5644825000,22,0.097755,1589.1633940278,255.6634707178
7139,0.5886673000,23,0.097755,1589.1633940278,255.6634707178
7434,0.6123157000,24,0.097755,1589.1633940278,255.6634707178
7728,0.6356546000,25,0.097755,1589.1633940278,255.6634707178
8022,0.6590419000,26,0.097755,1589.1633940278,255.6634707178
8316,0.6831358000,27,0.097755,1589.1633940278,255.6634707178
8610,0.7081243000,28,0.097755,1589.1633940278,255.6634707178
8904,0.7318299000,29,0.097755,1589.1633940278,255.6634707178
9197,0.7573672000,30,0.097755,1589.1633940278,255.6634707178
9490,0.7825563000,31,0.097755,1589.1633940278,255.6634707178
9783,0.8071772000,32,0.097755,1589.1633940278,255.6634707178
10076,0.8324215000,33,0.097755,1589.1633940278,255.6634707178
10369,0.8571549000,34,0.097755,1589.1633940278,255.6634707178
10661,0.8827345000,35,0.097755,1589.1633940278,255.6634707178
10953,0.9097427000,36,0.097755,1589.1633940278,255.6634707178
11245,0.9347653000,37,0.097755,1589.1633940278,255.6634707178
11537,0.9584679000,38,0.097755,1589.1633940278,255.6634707178
11828,0.9816463000,39,0.097755,1589.1633940278,255.6634707178
12119,1.0051382000,40,0.097755,1589.1633940278,255.6634707178
12410,1.0281497000,41,0.097755,1589.1633940278,255.6634707178
12701,1.0523435000,42,0.097755,1589.1633940278,255.6634707178
12992,1.0756580000,43,0.097755,1589.1633940278,255.6634707178
13282,1.1014744000,44,0.097755,1589.1633940278,255.6634707178
13572,1.1254110000,45,0.097755,1589.1633940278,255.6634707178
13862,1.1504500000,46,0.097755,1589.1633940278,255.6634707178
14152,1.1765860000,47,0.097755,1589.1633940278,255.6634707178
14442,1.2023518000,48,0.097755,1589.1633940278,255.6634707178
14731,1.2270312000,49,0.096840,1680.2734023451,242.4152607495
15020,1.2506723000,50,0.096840,1680.2734023451,242.4152607495
15309,1.2745958000,51,0.096840,1680.2734023451,242.4152607495
15598,1.2991432000,52,0.096840,1680.2734023451,242.4152607495
15886,1.3238367000,53,0.096840,1680.2734023451,242.4152607495
16174,1.3487578000,54,0.096840,1680.2734023451,242.4152607495
16462,1.3734592000,55,0.096840,1680.2734023451,242.4152607495
16750,1.3983927000,56,0.096840,1680.2734023451,242.4152607495
17038,1.4240755000,57,0.096840,1680.2734023451,242.4152607495
17325,1.4488411000,58,0.096840,1680.2734023451,242.4152607495
17612,1.4745351000,59,0.096840,1680.2734023451,242.4152607495
17899,1.4993070000,60,0.096840,1680.2734023451,242.4152607495
18186,1.5247796000,61,0.096840,1680.2734023451,242.4152607495
18473,1.5493338000,62,0.096840,1680.2734023451,242.4152607495
18759,1.5742423000,63,0.096840,1680.2734023451,242.4152607495
19045,1.5994561000,64,0.096840,1680.2734023451,242.4152607495
19331,1.6266411000,65,0.096840,1680.2734023451,242.4152607495
19617,1.6525964000,66,0.096840,1680.2734023451,242.4152607495
19902,1.6802728000,67,0.096840,1680.2734023451,242.4152607495
20187,1.7061194000,68,0.096840,1680.2734023451,242.4152607495
20472,1.7311383000,69,0.096840,1680.2734023451,242.4152607495
20757,1.7578060000,70,0.096840,1680.2734023451,242.4152607495
21042,1.7824583000,71,0.096840,1680.2734023451,242.4152607495
21326,1.8082976000,72,0.096840,1680.2734023451,242.4152607495
21610,1.8334849000,73,0.096840,1680.2734023451,242.4152607495
21894,1.8610968000,74,0.096840,1680.2734023451,242.4152607495
22178,1.8861510000,75,0.096840,1680.2734023451,242.4152607495
22462,1.9120291000,76,0.096840,1680.2734023451,242.4152607495
22745,1.9373916000,77,0.096840,1680.2734023451,242.4152607495
23028,1.9632324000,78,0.096840,1680.2734023451,242.4152607495
23311,1.9882194000,79,0.096840,1680.2734023451,242.4152607495
23594,2.0145183000,80,0.096840,1680.2734023451,242.4152607495
23877,2.0411450000,81,0.096840,1680.2734023451,242.4152607495
24159,2.0678839000,82,0.096840,1680.2734023451,242.4152607495
24441,2.0932523000,83,0.096840,1680.2734023451,242.4152607495
24723,2.1185326000,84,0.096840,1680.2734023451,242.4152607495
25005,2.1437887000,85,0.096840,1680.2734023451,242.4152607495
25286,2.1689722000,86,0.096840,1680.2734023451,242.4152607495
25567,2.1950451000,87,0.096840,1680.2734023451,242.4152607495
25848,2.2211892000,88,0.096840,1680.2734023451,242.4152607495
26129,2.2478821000,89,0.096840,1680.2734023451,242.4152607495
26410,2.2728993000,90,0.096840,1680.2734023451,242.4152607495
26690,2.2986129000,91,0.096840,1680.2734023451,242.4152607495
26970,2.3244692000,92,0.096840,1680.2734023451,242.4152607495
27250,2.3499563000,93,0.096840,1680.2734023451,242.4152607495
27530,2.3762459000,94,0.096840,1680.2734023451,242.4152607495
27810,2.4014726000,95,0.096840,1680.2734023451,242.4152607495
28089,2.4271710000,96,0.096840,1680.2734023451,242.4152607495
28368,2.4544346000,97,0.096840,1680.2734023451,242.4152607495
28647,2.4802404000,98,0.096840,1680.2734023451,242.4152607495
28926,2.5057077000,99,0.096840,1680.2734023451,242.4152607495
29205,2.5309157000,100,0.096840,1680.2734023451,242.4152607495
29483,2.5569851000,101,0.096840,1680.2734023451,242.4152607495
29761,2.5823384000,102,0.096840,1680.2734023451,242.4152607495
30039,2.6073205000,103,0.096840,1680.2734023451,242.4152607495
30317,2.6316435000,104,0.096840,1680.2734023451,242.4152607495
30595,2.6569700000,105,0.094875,1483.1388581888,252.5992490162
30872,2.6821379000,106,0.094868,1483.1388581888,252.5992490162
31149,2.7082961000,107,0.094846,1497.4888864061,251.1419441955
31426,2.7334240000,108,0.094840,1497.4888864061,251.1419441955
31703,2.7580232000,109,0.094833,1497.4888864061,251.1419441955
31980,2.7831427000,110,0.094827,1497.4888864061,251.1419441955
32256,2.8075924000,111,0.094821,1497.4888864061,251.1419441955
32532,2.8330468000,112,0.094814,1497.4888864061,251.1419441955
32808,2.8568643000,113,0.094808,1497.4888864061,251.1419441955
33084,2.8817454000,114,0.094801,1497.4888864061,251.1419441955
33360,2.9062203000,115,0.094795,1497.4888864061,251.1419441955
33635,2.9305408000,116,0.094788,1497.4888864061,251.1419441955
33910,2.9550052000,117,0.094782,1497.4888864061,251.1419441955
34185,2.9798887000,118,0.094777,1497.4888864061,251.1419441955
34460,3.0044579000,119,0.094774,1497.4888864061,251.1419441955
34734,3.0283750000,120,0.094349,1447.3632952751,254.2396583488
35008,3.0528918000,121,0.094346,1447.3632952751,254.2396583488
35282,3.0776253000,122,0.094342,1447.3632952751,254.2396583488
35556,3.1015530000,123,0.094339,1447.3632952751,254.2396583488
35830,3.1257555000,124,0.094336,1447.3632952751,254.2396583488
36103,3.1487328000,125,0.094332,1447.3632952751,254.2396583488
36376,3.1728912000,126,0.094329,1447.3632952751,254.2396583488
36649,3.1964257000,127,0.094326,1447.3632952751,254.2396583488
36922,3.2191825000,128,0.094322,1447.3632952751,254.2396583488
37195,3.2408278000,129,0.094319,1447.3632952751,254.2396583488
37467,3.2645729000,130,0.094316,1447.3632952751,254.2396583488
37739,3.2864664000,131,0.092044,1596.3993529525,230.2970889044
38011,3.3088208000,132,0.092041,1596.3993529525,230.2970889044
38283,3.3303057000,133,0.091620,1440.6196711175,243.6581253220
38555,3.3525666000,134,0.091617,1440.6196711175,243.6581253220
38826,3.3746560000,135,0.091614,1440.6196711175,243.6581253220
39097,3.3963676000,136,0.091610,1440.6196711175,243.6581253220
39368,3.4184460000,137,0.091607,1440.6196711175,243.6581253220
39639,3.4386986000,138,0.091604,1440.6196711175,243.6581253220
39910,3.4605489000,139,0.091600,1440.6196711175,243.6581253220
40180,3.4827393000,140,0.091597,1440.6196711175,243.6581253220
40450,3.5049041000,141,0.091594,1440.6196711175,243.6581253220
40720,3.5258730000,142,0.091590,1440.6196711175,243.6581253220
40990,3.5477882000,143,0.091587,1440.6196711175,243.6581253220
41260,3.5691235000,144,0.091584,1440.6196711175,243.6581253220
41529,3.5899244000,145,0.090686,1357.9564534607,247.9314725702
41798,3.6098136000,146,0.090683,1357.9564534607,247.9314725702
42067,3.6302658000,147,0.090679,1357.9564534607,247.9314725702
42336,3.6512310000,148,0.090675,1357.9564534607,247.9314725702
42605,3.6717325000,149,0.090672,1357.9564534607,247.9314725702
42873,3.6937547000,150,0.090668,1357.9564534607,247.9314725702
43141,3.7150672000,151,0.090664,1357.9564534607,247.9314725702
43409,3.7364268000,152,0.090588,1537.8457988158,230.1844967501
43677,3.7572474000,153,0.089241,1506.5754340093,227.5923461514
43945,3.7786617000,154,0.089230,1506.5754340093,227.5633559181
44212,3.7989103000,155,0.089226,1506.5754340093,227.5633559181
44479,3.8191330000,156,0.089222,1506.5754340093,227.5633559181
44746,3.8405354000,157,0.089218,1506.5754340093,227.5633559181
45013,3.8613067000,158,0.089214,1506.5754340093,227.5633559181
45280,3.8818437000,159,0.089211,1506.5754340093,227.5633559181
45546,3.9025107000,160,0.089179,1506.5754340093,227.4479103638
45812,3.9234820000,161,0.089175,1506.5754340093,227.4474486281
46078,3.9434728000,162,0.089171,1506.5754340093,227.4474486281
46344,3.9636240000,163,0.089167,1506.5754340093,227.4474486281
46610,3.9832513000,164,0.089163,1506.5754340093,227.4474486281
46876,4.0028981000,165,0.089159,1506.5754340093,227.4474486281
47141,4.0236465000,166,0.089155,1506.5754340093,227.4474486281
47406,4.0445056000,167,0.089152,1506.5754340093,227.4474486281
47671,4.0652336000,168,0.089148,1506.5754340093,227.4474486281
47936,4.0864013000,169,0.089144,1506.5754340093,227.4474486281
48201,4.1078305000,170,0.089140,1506.5754340093,227.4474486281
48465,4.1280142000,171,0.089136,1506.5754340093,227.4474486281
48729,4.1488899000,172,0.089132,1506.5754340093,227.4474486281
48993,4.1698952000,173,0.088597,1400.4049782884,235.5175872773
49257,4.1902627000,174,0.088592,1400.4049782884,235.5152576707
49521,4.2104835000,175,0.088588,1400.4049782884,235.5152576707
49784,4.2297636000,176,0.088584,1400.4049782884,235.5152576707
50047,4.2506788000,177,0.088578,1400.4049782884,235.5152576707
50310,4.2708740000,178,0.088571,1400.4049782884,235.5152576707
50573,4.2918114000,179,0.087480,1496.6203095885,221.6350626465
50836,4.3121185000,180,0.087473,1496.6203095885,221.6350626465
51098,4.3328470000,181,0.087467,1496.6203095885,221.6350626465
51360,4.3539505000,182,0.087460,1496.6203095885,221.6350626465
51622,4.3739213000,183,0.087454,1496.6203095885,221.6350626465
51884,4.3936836000,184,0.087447,1496.6203095885,221.6350626465
52146,4.4131034000,185,0.087441,1496.6203095885,221.6350626465
52407,4.4337968000,186,0.087434,1496.6203095885,221.6350626465
52668,4.4540370000,187,0.087428,1496.6203095885,221.6350626465
52929,4.4750359000,188,0.087421,1496.6203095885,221.6332775312
53190,4.4956426000,189,0.087414,1496.6203095885,221.6332775312
53451,4.5158823000,190,0.087373,1496.6203095885,221.4874237939
53711,4.5375105000,191,0.087366,1496.6203095885,221.4874237939
53971,4.5579832000,192,0.087360,1496.6203095885,221.4874237939
54231,4.5783921000,193,0.087353,1496.6203095885,221.4874237939
54491,4.5990037000,194,0.087346,1496.6203095885,221.4874237939
54751,4.6191809000,195,0.087340,1496.6203095885,221.4874237939
55010,4.6383120000,196,0.087333,1496.6203095885,221.4874237939
55269,4.6577472000,197,0.087327,1496.6203095885,221.4874237939
55528,4.6784060000,198,0.087320,1496.6203095885,221.4874237939
55787,4.6977881000,199,0.087313,1496.6203095885,221.4874237939
56046,4.7181461000,200,0.087307,1496.6203095885,221.4874237939
56305,4.7383235000,201,0.087300,1496.6203095885,221.4874237939
56563,4.7584983000,202,0.087293,1496.6203095885,221.4874237939
56821,4.7792204000,203,0.087286,1496.6203095885,221.4874237939
57079,4.7996165000,204,0.087278,1387.0263599503,232.1091836893
57337,4.8194499000,205,0.087271,1387.0263599503,232.1091836893
57595,4.8402015000,206,0.087271,1387.0263599503,232.1091836893
57852,4.8594158000,207,0.087271,1387.0263599503,232.1091836893
58109,4.8786875000,208,0.087271,1387.0263599503,232.1091836893
58366,4.8990823000,209,0.087271,1387.0263599503,232.1091836893
58623,4.9184501000,210,0.087271,1387.0263599503,232.1091836893
58880,4.9378369000,211,0.087271,1387.0263599503,232.1091836893
59136,4.9584402000,212,0.087271,1387.0263599503,232.1091836893
59392,4.9783196000,213,0.087271,1387.0263599503,232.1091836893
59648,4.9990152000,214,0.087271,1496.6203095885,221.4603218761
59904,5.0181462000,215,0.087271,1496.6203095885,221.2982213986
60160,5.0370494000,216,0.087271,1496.6203095885,221.2982213986
60415,5.0570050000,217,0.087271,1496.6203095885,221.2982213986
60670,5.0772283000,218,0.087271,1496.6203095885,221.2330682264
60925,5.0976832000,219,0.087271,1496.6203095885,221.2330682264
61180,5.1182140000,220,0.087271,1496.6203095885,221.2330682264
61435,5.1376958000,221,0.087271,1496.6203095885,221.1248433557
61690,5.1578933000,222,0.087149,1402.8279148702,229.6125956288
61944,5.1778571000,223,0.087149,1402.8279148702,229.6125956288
62198,5.1981216000,224,0.087149,1402.8279148702,229.6125956288
62452,5.2164829000,225,0.087149,1402.8279148702,229.5548463258
62706,5.2353166000,226,0.087149,1402.8279148702,229.5548463258
62960,5.2536679000,227,0.087149,1402.8279148702,229.5548463258
63213,5.2738839000,228,0.087149,1402.8279148702,229.5548463258
63466,5.2935182000,229,0.087149,1402.8279148702,229.4701156393
63719,5.3119750000,230,0.087149,1402.8279148702,229.4701156393
63972,5.3314086000,231,0.087149,1402.8279148702,229.4701156393
64225,5.3515759000,232,0.087105,1402.8279148702,229.1458624146
64477,5.3716310000,233,0.087105,1402.8279148702,229.1458624146
64729,5.3914684000,234,0.087105,1402.8279148702,229.1458624146
64981,5.4110414000,235,0.087105,1402.8279148702,229.1458624146
65233,5.4301141000,236,0.087105,1402.8279148702,229.1458624146
65485,5.4489357000,237,0.087105,1402.8279148702,229.1458624146
65737,5.4682050000,238,0.087105,1402.8279148702,229.1458624146
65988,5.4865309000,239,0.086672,1496.6203095885,218.1804523184
66239,5.5058537000,240,0.086671,1496.6203095885,218.1804523184
66490,5.5248131000,241,0.086670,1496.6203095885,218.1804523184
66741,5.5430078000,242,0.086669,1496.6203095885,218.1804523184
66992,5.5615975000,243,0.086668,1496.6203095885,218.1804523184
67242,5.5795869000,244,0.086428,1365.1820000000,229.9256846783
67492,5.5974815000,245,0.086427,1365.1820000000,229.9256846783
67742,5.6155517000,246,0.086426,1365.1820000000,229.9256846783
67992,5.6354676000,247,0.086425,1365.1820000000,229.9256846783
68242,5.6552922000,248,0.086423,1365.1820000000,229.9256846783
68492,5.6748816000,249,0.086422,1365.1820000000,229.9256846783
68741,5.6933422000,250,0.086421,1365.1820000000,229.9256846783
68990,5.7115912000,251,0.086420,1365.1820000000,229.9256846783
69239,5.7311027000,252,0.086419,1365.1820000000,229.9256846783
69488,5.7509056000,253,0.086418,1365.1820000000,229.9256846783
69737,5.7688618000,254,0.086417,1365.1820000000,229.9256846783
69985,5.7864285000,255,0.086416,1365.1820000000,229.9256846783
70233,5.8043203000,256,0.086415,1365.1820000000,229.9256846783
70481,5.8233555000,257,0.086404,1365.1820000000,229.8847998170
70729,5.8435193000,258,0.086403,1365.1820000000,229.8847998170
70977,5.8628313000,259,0.086402,1365.1820000000,229.8847998170
71224,5.8805947000,260,0.086401,1365.1820000000,229.8847998170
71471,5.8988477000,261,0.086400,1365.1820000000,229.8847998170
71718,5.9169000000,262,0.086398,1365.1820000000,229.8847998170
71965,5.9356487000,263,0.086397,1365.1820000000,229.8847998170
72212,5.9554295000,264,0.086396,1365.1820000000,229.8847998170
72459,5.9739099000,265,0.086087,1342.3089838632,230.8227946774
72705,5.9929727000,266,0.086083,1342.3089838632,230.8227946774
72951,6.0115932000,267,0.086079,1342.3089838632,230.8227946774
73197,6.0302512000,268,0.086008,1342.3089838632,230.5409952641
73443,6.0503927000,269,0.085952,1342.3089838632,230.3223599969
73689,6.0691777000,270,0.085949,1342.3089838632,230.3223599969
73934,6.0875954000,271,0.085945,1342.3089838632,230.3223599969
74179,6.1070550000,272,0.084978,1373.9933694965,223.2100361989
74424,6.1246486000,273,0.084974,1373.9933694965,223.2100361989
74669,6.1434294000,274,0.084970,1373.9933694965,223.2100361989
74914,6.1626645000,275,0.084966,1373.9933694965,223.2100361989
75159,6.1831250000,276,0.084962,1373.9933694965,223.2100361989
75403,6.2018870000,277,0.084959,1373.9933694965,223.2100361989
75647,6.2207969000,278,0.084955,1373.9933694965,223.2100361989
75891,6.2402986000,279,0.084951,1373.9933694965,223.2100361989
76135,6.2590573000,280,0.084947,1373.9933694965,223.2100361989
76379,6.2791368000,281,0.084943,1373.9933694965,223.2100361989
76622,6.2977610000,282,0.084939,1373.9933694965,223.2100361989
76865,6.3168738000,283,0.084935,1373.9933694965,223.2100361989
77108,6.3353550000,284,0.084932,1373.9933694965,223.2100361989
77351,6.3529584000,285,0.084928,1373.9933694965,223.2100361989
77594,6.3711382000,286,0.084924,1373.9933694965,223.2100361989
77837,6.3890446000,287,0.084920,1373.9933694965,223.2100361989
78079,6.4077413000,288,0.084916,1373.9933694965,223.2100361989
78321,6.4262428000,289,0.084912,1373.9933694965,223.2100361989
78563,6.4441866000,290,0.084908,1373.9933694965,223.2100361989
78805,6.4631238000,291,0.084904,1373.9933694965,223.2100361989
79047,6.4812757000,292,0.084900,1373.9933694965,223.2100361989
79289,6.5006125000,293,0.084896,1373.9933694965,223.2100361989
79530,6.5195707000,294,0.084892,1373.9933694965,223.2100361989
79771,6.5381421000,295,0.084886,1373.9933694965,223.2100361989
80012,6.5561091000,296,0.084881,1373.9933694965,223.2100361989
80253,6.5733947000,297,0.084876,1373.9933694965,223.2100361989
80494,6.5906673000,298,0.084871,1373.9933694965,223.2100361989
80734,6.6093056000,299,0.084755,1373.9933694965,222.7455306805
80974,6.6277618000,300,0.084750,1373.9933694965,222.7455306805
81214,6.6470257000,301,0.084745,1373.9933694965,222.7455306805
81454,6.6654062000,302,0.084740,1373.9933694965,222.7455306805
81694,6.6833090000,303,0.084702,1373.9933694965,222.6088774598
81934,6.7011962000,304,0.084697,1373.9933694965,222.6088774598
82173,6.7188696000,305,0.084692,1373.9933694965,222.6088774598
82412,6.7383960000,306,0.084686,1373.9933694965,222.6088774598
82651,6.7574919000,307,0.084681,1373.9933694965,222.6088774598
82890,6.7766678000,308,0.084676,1373.9933694965,222.6088774598
83129,6.7959223000,309,0.084671,1373.9933694965,222.6088774598
83367,6.8136490000,310,0.084665,1373.9933694965,222.6088774598
83605,6.8320804000,311,0.084637,1373.9933694965,222.5109588407
83843,6.8502480000,312,0.084627,1373.9933694965,222.4897884867
84081,6.8681839000,313,0.084621,1373.9933694965,222.4897884867
84319,6.8867760000,314,0.084537,1373.9933694965,222.1563002697
84557,6.9056329000,315,0.084532,1373.9933694965,222.1563002697
84794,6.9241967000,316,0.084526,1373.9933694965,222.1563002697
85031,6.9424824000,317,0.084521,1373.9933694965,222.1563002697
85268,6.9613574000,318,0.084516,1373.9933694965,222.1563002697
85505,6.9799655000,319,0.084510,1373.9933694965,222.1563002697
85742,6.9991004000,320,0.084505,1373.9933694965,222.1563002697
85979,7.0180327000,321,0.084500,1373.9933694965,222.1563002697
86215,7.0365160000,322,0.084495,1373.9933694965,222.1563002697
86451,7.0544924000,323,0.084491,1373.9933694965,222.1563002697
86687,7.0728044000,324,0.084491,1373.9933694965,222.1563002697
86923,7.0908136000,325,0.084491,1373.9933694965,222.1563002697
87159,7.1092897000,326,0.084491,1373.9933694965,222.1563002697
87395,7.1275959000,327,0.084491,1373.9933694965,222.1563002697
87630,7.1453358000,328,0.084491,1373.9933694965,222.1563002697
87865,7.1627739000,329,0.084491,1373.9933694965,222.1563002697
88100,7.1804053000,330,0.084491,1373.9933694965,222.1563002697
88335,7.1978561000,331,0.084491,1373.9933694965,222.1563002697
88570,7.2163915000,332,0.084491,1373.9933694965,222.1563002697
88804,7.2349326000,333,0.084491,1373.9933694965,222.1563002697
89038,7.2529294000,334,0.084491,1373.9933694965,222.1563002697
89272,7.2702593000,335,0.084491,1373.9933694965,222.0756975346
89506,7.2869860000,336,0.084491,1373.9933694965,222.0756975346
89740,7.3047995000,337,0.084491,1373.9933694965,222.0756975346
89974,7.3229763000,338,0.084491,1373.9933694965,222.0756975346
90207,7.3398714000,339,0.084491,1373.9933694965,222.0756975346
90440,7.3580541000,340,0.084462,1373.9933694965,221.8784521035
90673,7.3756381000,341,0.084462,1373.9933694965,221.8784521035
90906,7.3928586000,342,0.084462,1373.9933694965,221.8784521035
91139,7.4101046000,343,0.084305,1496.6203095885,209.2999852301
91372,7.4272925000,344,0.084305,1496.6203095885,209.2999852301
91604,7.4453135000,345,0.084305,1496.6203095885,209.2999852301
91836,7.4638472000,346,0.084305,1496.6203095885,209.2999852301
92068,7.4825815000,347,0.084305,1496.6203095885,209.2999852301
92300,7.4998804000,348,0.084305,1496.6203095885,209.2999852301
92532,7.5178682000,349,0.084305,1496.6203095885,209.2999852301
92764,7.5357870000,350,0.084305,1496.6203095885,209.2999852301
92995,7.5525114000,351,0.083878,1373.9933694965,219.3234260387
93226,7.5690771000,352,0.083849,1373.9933694965,219.1930692366
93457,7.5858047000,353,0.083847,1373.9933694965,219.1930692366
93688,7.6024500000,354,0.083505,1369.2505247292,218.2257909464
93919,7.6191377000,355,0.083503,1369.2505247292,218.2257909464
94149,7.6366018000,356,0.083500,1369.2505247292,218.2257909464
94379,7.6538337000,357,0.083417,1496.6203095885,205.5335745615
94609,7.6711545000,358,0.083415,1496.6203095885,205.5335745615
94839,7.6890531000,359,0.083413,1496.6203095885,205.5335745615
95069,7.7063690000,360,0.083410,1496.6203095885,205.5335745615
95299,7.7241445000,361,0.083254,1369.6579080612,217.1980630944
95528,7.7411431000,362,0.083252,1369.6579080612,217.1980630944
95757,7.7580605000,363,0.083249,1369.6579080612,217.1980630944
95986,7.7754648000,364,0.082850,1251.9072368079,226.9481726950
96215,7.7919368000,365,0.082848,1251.9072368079,226.9481726950
96444,7.8101724000,366,0.082846,1251.9072368079,226.9481726950
96673,7.8268561000,367,0.082843,1251.9072368079,226.9481726950
96901,7.8436522000,368,0.082841,1251.9072368079,226.9481726950
97129,7.8598632000,369,0.082078,1290.5739232869,220.0010595350
97357,7.8779094000,370,0.082041,1290.5739232869,219.8549904395
97585,7.8950191000,371,0.082039,1290.5739232869,219.8549904395
97813,7.9126022000,372,0.082037,1290.5739232869,219.8549904395
98041,7.9300194000,373,0.082035,1290.5739232869,219.8549904395
98268,7.9464384000,374,0.082032,1290.5739232869,219.8549904395
98495,7.9641658000,375,0.082030,1290.5739232869,219.8549904395
98722,7.9812664000,376,0.082028,1290.5739232869,219.8549904395
98949,7.9991590000,377,0.082025,1290.5739232869,219.8549904395
99176,8.0170005000,378,0.082023,1290.5739232869,219.8549904395
99403,8.0337810000,379,0.082021,1290.5739232869,219.8549904395
99629,8.0510754000,380,0.081954,1290.5739232869,219.5831246496
99855,8.0680951000,381,0.081952,1290.5739232869,219.5831246496
100081,8.0844322000,382,0.081952,1290.5739232869,219.5831246496
100307,8.1015857000,383,0.081952,1290.5739232869,219.5831246496
100533,8.1195734000,384,0.081952,1290.5739232869,219.5831246496
100759,8.1369922000,385,0.081952,1290.5739232869,219.5831246496
100984,8.1556178000,386,0.081952,1290.5739232869,219.5831246496
101209,8.1742658000,387,0.081952,1290.5739232869,219.5831246496
101434,8.1925831000,388,0.081952,1290.5739232869,219.4526078870
101659,8.2102078000,389,0.081952,1290.5739232869,219.4526078870
101884,8.2289165000,390,0.081952,1290.5739232869,219.4526078870
102109,8.2472389000,391,0.081952,1290.5739232869,219.4526078870
102333,8.2644258000,392,0.081952,1290.5739232869,219.4526078870
102557,8.2826888000,393,0.081952,1290.5739232869,219.4526078870
102781,8.2999443000,394,0.081952,1290.5739232869,219.4526078870
103005,8.3175466000,395,0.081952,1290.5739232869,219.4526078870
103229,8.3357643000,396,0.081914,1290.5739232869,219.0376078870
103453,8.3523688000,397,0.081914,1290.5739232869,219.0376078870
103676,8.3695077000,398,0.081914,1290.5739232869,219.0376078870
103899,8.3866336000,399,0.081914,1290.5739232869,219.0376078870
104122,8.4047392000,400,0.081914,1290.5739232869,219.0376078870
104345,8.4219819000,401,0.081914,1290.5739232869,219.0376078870
104568,8.4391709000,402,0.081914,1290.5739232869,219.0376078870
104791,8.4558887000,403,0.081914,1290.5739232869,219.0376078870
105013,8.4742595000,404,0.081914,1290.5739232869,219.0376078870
105235,8.4914081000,405,0.081914,1290.5739232869,219.0376078870
105457,8.5089410000,406,0.081914,1290.5739232869,219.0376078870
105679,8.5269850000,407,0.081914,1290.5739232869,219.0376078870
105901,8.5440239000,408,0.081914,1290.5739232869,219.0376078870
106123,8.5602456000,409,0.081914,1290.5739232869,219.0376078870
106344,8.5771836000,410,0.081914,1290.5739232869,219.0376078870
106565,8.5939002000,411,0.081914,1290.5739232869,219.0376078870
106786,8.6103662000,412,0.081914,1290.5739232869,219.0376078870
107007,8.6279912000,413,0.081914,1290.5739232869,219.0376078870
107228,8.6447465000,414,0.081914,1290.5739232869,219.0376078870
107449,8.6625899000,415,0.081914,1290.5739232869,219.0376078870
107669,8.6801547000,416,0.081914,1290.5739232869,219.0376078870
107889,8.6973540000,417,0.081914,1290.5739232869,219.0376078870
108109,8.7147163000,418,0.081914,1290.5739232869,219.0376078870
108329,8.7312685000,419,0.081914,1290.5739232869,218.8257905838
108549,8.7484591000,420,0.081914,1290.5739232869,218.8257905838
108769,8.7651389000,421,0.081914,1290.5739232869,218.8257905838
108989,8.7812119000,422,0.081914,1290.5739232869,218.8257905838
109208,8.7983464000,423,0.081914,1290.5739232869,218.8257905838
109427,8.8144727000,424,0.081914,1290.5739232869,218.7307905838
109646,8.8312395000,425,0.081914,1290.5739232869,218.7307905838
109865,8.8492151000,426,0.081914,1290.5739232869,218.7307905838
110084,8.8664976000,427,0.081914,1290.5739232869,218.7307905838
110303,8.8832259000,428,0.081914,1290.5739232869,218.7307905838
110521,8.9001903000,429,0.081914,1290.5739232869,218.7307905838
110739,8.9159844000,430,0.081914,1290.5739232869,218.7307905838
110957,8.9329788000,431,0.081914,1290.5739232869,218.7307905838
111175,8.9496324000,432,0.081914,1290.5739232869,218.7307905838
111393,8.9653011000,433,0.081914,1290.5739232869,218.7307905838
111611,8.9827175000,434,0.081914,1290.5739232869,218.7307905838
111828,8.9993610000,435,0.081914,1290.5739232869,218.7307905838
112045,9.0155857000,436,0.081914,1290.5739232869,218.7307905838
112262,9.0319739000,437,0.081914,1290.5739232869,218.7307905838
112479,9.0492055000,438,0.081914,1290.5739232869,218.7307905838
112696,9.0655512000,439,0.081914,1290.5739232869,218.7307905838
112913,9.0822232000,440,0.081914,1290.5739232869,218.5751709440
113129,9.0986362000,441,0.081914,1290.5739232869,218.5751709440
113345,9.1148153000,442,0.081914,1290.5739232869,218.5751709440
113561,9.1322320000,443,0.081914,1290.5739232869,218.5751709440
113777,9.1491119000,444,0.081914,1290.5739232869,218.5751709440
113993,9.1656684000,445,0.081914,1290.5739232869,218.5751709440
114209,9.1830263000,446,0.081914,1290.5739232869,218.5751709440
114424,9.2000140000,447,0.081914,1290.5739232869,218.5751709440
114639,9.2171659000,448,0.081914,1290.5739232869,218.5751709440
114854,9.2338830000,449,0.081914,1290.5739232869,218.5751709440
115069,9.2503046000,450,0.081914,1290.5739232869,218.5751709440
115284,9.2674045000,451,0.081914,1290.5739232869,218.5751709440
115499,9.2839509000,452,0.081914,1290.5739232869,218.5751709440
115714,9.3014974000,453,0.081914,1290.5739232869,218.5751709440
115928,9.3186142000,454,0.081914,1290.5739232869,218.5751709440
116142,9.3345630000,455,0.081914,1290.5739232869,218.5751709440
116356,9.3504354000,456,0.081881,1290.5739232869,218.2911709440
116570,9.3674170000,457,0.081881,1290.5739232869,218.2911709440
116784,9.3832820000,458,0.081881,1290.5739232869,218.2911709440
116998,9.3993094000,459,0.081881,1290.5739232869,218.2911709440
117211,9.4157864000,460,0.081881,1290.5739232869,218.2911709440
117424,9.4320962000,461,0.081332,1421.3730100339,203.2858907658
117637,9.4491880000,462,0.081332,1421.3730100339,203.2858907658
117850,9.4658001000,463,0.081332,1421.3730100339,203.2858907658
118063,9.4813575000,464,0.081332,1421.3730100339,203.2858907658
118276,9.4977600000,465,0.081332,1421.3730100339,203.2858907658
118488,9.5142240000,466,0.081332,1421.3730100339,203.2858907658
118700,9.5293225000,467,0.081332,1421.3730100339,203.2858907658
118912,9.5457538000,468,0.081332,1421.3730100339,203.2858907658
119124,9.5616321000,469,0.081328,1421.3730100339,203.2383007404
119336,9.5774983000,470,0.081327,1421.3730100339,203.2383007404
119548,9.5943467000,471,0.081325,1421.3730100339,203.2383007404
119760,9.6103837000,472,0.081323,1421.3730100339,203.2383007404
119971,9.6259994000,473,0.081320,1421.3730100339,203.2383007404
120182,9.6425321000,474,0.081318,1421.3730100339,203.2383007404
120393,9.6587712000,475,0.081316,1421.3730100339,203.2383007404
120604,9.6747831000,476,0.081313,1421.3730100339,203.2383007404
120815,9.6917442000,477,0.081311,1421.3730100339,203.2383007404
121026,9.7079005000,478,0.081309,1421.3730100339,203.2383007404
121236,9.7241016000,479,0.081307,1421.3730100339,203.2383007404
121446,9.7411422000,480,0.081297,1421.3730100339,203.2077584115
121656,9.7566253000,481,0.081295,1421.3730100339,203.2077584115
121866,9.7721861000,482,0.081292,1421.3730100339,203.2077584115
122076,9.7886144000,483,0.081290,1421.3730100339,203.2077584115
122286,9.8055547000,484,0.081288,1421.3730100339,203.2077584115
122496,9.8210212000,485,0.080680,1421.3730100339,200.6681212504
122705,9.8377601000,486,0.080678,1421.3730100339,200.6681212504
122914,9.8529806000,487,0.080676,1421.3730100339,200.6681212504
123123,9.8688353000,488,0.080657,1421.3730100339,200.6011212504
123332,9.8853074000,489,0.080655,1421.3730100339,200.6011212504
123541,9.9005898000,490,0.080653,1421.3730100339,200.6011212504
123750,9.9162495000,491,0.080650,1421.3730100339,200.6011212504
123958,9.9316389000,492,0.080648,1421.3730100339,200.6011212504
124166,9.9469928000,493,0.080646,1421.3730100339,200.6011212504
124374,9.9622779000,494,0.080644,1421.3730100339,200.6011212504
124582,9.9782663000,495,0.080641,1421.3730100339,200.6011212504
124790,9.9949046000,496,0.080639,1421.3730100339,200.6011212504
124998,10.0112967000,497,0.080637,1421.3730100339,200.6011212504
125206,10.0269442000,498,0.080634,1421.3730100339,200.6011212504
125413,10.0427820000,499,0.080634,1421.3730100339,200.6011212504
125620,10.0583149000,500,0.080634,1421.3730100339,200.6011212504
125827,10.0745122000,501,0.080634,1421.3730100339,200.6011212504
126034,10.0904102000,502,0.080634,1421.3730100339,200.6011212504
126241,10.1071622000,503,0.080634,1421.3730100339,200.6011212504
126448,10.1238877000,504,0.080634,1421.3730100339,200.6011212504
126654,10.1400462000,505,0.080634,1421.3730100339,200.6011212504
126860,10.1567592000,506,0.080634,1421.3730100339,200.6011212504
127066,10.1720432000,507,0.080634,1421.3730100339,200.6011212504
127272,10.1890590000,508,0.080634,1421.3730100339,200.6011212504
127478,10.2047487000,509,0.080634,1421.3730100339,200.6011212504
127684,10.2205585000,510,0.080602,1421.3730100339,200.3281212504
127890,10.2369346000,511,0.080602,1421.3730100339,200.3281212504
128095,10.2540502000,512,0.080602,1421.3730100339,200.3281212504
128300,10.2703905000,513,0.080602,1421.3730100339,200.3281212504
128505,10.2862943000,514,0.080602,1421.3730100339,200.3281212504
128710,10.3015978000,515,0.080602,1421.3730100339,200.3281212504
128915,10.3165779000,516,0.080602,1421.3730100339,200.3281212504
129120,10.3324357000,517,0.080602,1421.3730100339,200.3281212504
129324,10.3485575000,518,0.080602,1421.3730100339,200.3281212504
129528,10.3646323000,519,0.080602,1421.3730100339,200.3281212504
129732,10.3804747000,520,0.080602,1421.3730100339,200.3281212504
129936,10.3970114000,521,0.080602,1421.3730100339,200.3281212504
130140,10.4120917000,522,0.080445,1411.6890100339,200.4497997626
130344,10.4267112000,523,0.079690,1411.6890100339,197.2706637418
130548,10.4425400000,524,0.079690,1411.6890100339,197.2706637418
130751,10.4580257000,525,0.079690,1411.6890100339,197.2706637418
130954,10.4724401000,526,0.079690,1411.6890100339,197.2706637418
131157,10.4879601000,527,0.079690,1411.6890100339,197.2706637418
131360,10.5038969000,528,0.079690,1411.6890100339,197.2706637418
131563,10.5186185000,529,0.079690,1411.6890100339,197.2706637418
131766,10.5332350000,530,0.079690,1411.6890100339,197.2706637418
131968,10.5488130000,531,0.079657,1411.6890100339,197.0990113148
132170,10.5639368000,532,0.079655,1411.6890100339,197.0990113148
132372,10.5797885000,533,0.079653,1411.6890100339,197.0990113148
132574,10.5948569000,534,0.079650,1411.6890100339,197.0990113148
132776,10.6103413000,535,0.079648,1411.6890100339,197.0990113148
132978,10.6259343000,536,0.079588,1411.6890100339,196.8575982509
133180,10.6404808000,537,0.079556,1411.6890100339,196.7334783842
133381,10.6550748000,538,0.079554,1411.6890100339,196.7334783842
133582,10.6707028000,539,0.079551,1411.6890100339,196.7334783842
133783,10.6856484000,540,0.079549,1411.6890100339,196.7334783842
133984,10.7000402000,541,0.079546,1411.6890100339,196.7334783842
134185,10.7146399000,542,0.079544,1411.6890100339,196.7334783842
134386,10.7299180000,543,0.079542,1411.6890100339,196.7334783842
134587,10.7442772000,544,0.079539,1411.6890100339,196.7334783842
134787,10.7587884000,545,0.079537,1411.6890100339,196.7334783842
134987,10.7742312000,546,0.079535,1411.6890100339,196.7334783842
135187,10.7916766000,547,0.079532,1411.6890100339,196.7334783842
135387,10.8067507000,548,0.079530,1411.6890100339,196.7334783842
135587,10.8215376000,549,0.079527,1411.6890100339,196.7334783842
135787,10.8363085000,550,0.079472,1411.6890100339,196.5099424428
135987,10.8510718000,551,0.079469,1411.6890100339,196.5099424428
136186,10.8663887000,552,0.079467,1411.6890100339,196.5099424428
136385,10.8809249000,553,0.079465,1411.6890100339,196.5099424428
136584,10.8958821000,554,0.079462,1411.6890100339,196.5099424428
136783,10.9126280000,555,0.079460,1411.6890100339,196.5099424428
136982,10.9288416000,556,0.079457,1411.6890100339,196.5099424428
137181,10.9436579000,557,0.079455,1411.6890100339,196.5099424428
137379,10.9595661000,558,0.079418,1411.6890100339,196.3639515802
137577,10.9745483000,559,0.079416,1411.6890100339,196.3639515802
137775,10.9900885000,560,0.079414,1411.6890100339,196.3639515802
137973,11.0057659000,561,0.079412,1411.6890100339,196.3639515802
138171,11.0217357000,562,0.079410,1411.6890100339,196.3639515802
138369,11.0372298000,563,0.079392,1411.6890100339,196.2996960488
138567,11.0526320000,564,0.079390,1411.6890100339,196.2996960488
138764,11.0680685000,565,0.079388,1411.6890100339,196.2996960488
138961,11.0827188000,566,0.079386,1411.6890100339,196.2996960488
139158,11.0987199000,567,0.079384,1411.6890100339,196.2996960488
139355,11.1135460000,568,0.079382,1411.6890100339,196.2996960488
139552,11.1285300000,569,0.079380,1411.6890100339,196.2996960488
139749,11.1434193000,570,0.079378,1411.6890100339,196.2996960488
139946,11.1587721000,571,0.079376,1411.6890100339,196.2996960488
140142,11.1739099000,572,0.079374,1411.6890100339,196.2996960488
140338,11.1891684000,573,0.079372,1411.6890100339,196.2996960488
140534,11.2049442000,574,0.079370,1411.6890100339,196.2996960488
140730,11.2206758000,575,0.079368,1411.6890100339,196.2996960488
140926,11.2368015000,576,0.079366,1411.6890100339,196.2996960488
141122,11.2517477000,577,0.079364,1411.6890100339,196.2996960488
141318,11.2659575000,578,0.079362,1411.6890100339,196.2996960488
141513,11.2804207000,579,0.079349,1411.6890100339,196.2572442170
141708,11.2953562000,580,0.079343,1411.6890100339,196.2408229120
141903,11.3101135000,581,0.079341,1411.6890100339,196.2408229120
142098,11.3253951000,582,0.079339,1411.6890100339,196.2408229120
142293,11.3408437000,583,0.079337,1411.6890100339,196.2408229120
142488,11.3561369000,584,0.079335,1411.6890100339,196.2408229120
142683,11.3707141000,585,0.079333,1411.6890100339,196.2408229120
142877,11.3863796000,586,0.079331,1411.6890100339,196.2408229120
143071,11.4016002000,587,0.079329,1411.6890100339,196.2408229120
143265,11.4162545000,588,0.079329,1411.6890100339,196.2408229120
143459,11.4311217000,589,0.079329,1411.6890100339,196.2408229120
143653,11.4455196000,590,0.079329,1411.6890100339,196.2408229120
143847,11.4602873000,591,0.079329,1411.6890100339,196.2383080353
144041,11.4749389000,592,0.079329,1411.6890100339,196.2383080353
144234,11.4898373000,593,0.079329,1411.6890100339,196.2383080353
144427,11.5051932000,594,0.079329,1411.6890100339,196.2383080353
144620,11.5201423000,595,0.079329,1411.6890100339,196.2383080353
144813,11.5344856000,596,0.079329,1411.6890100339,196.2383080353
145006,11.5494834000,597,0.079263,1411.6890100339,195.9527201899
145199,11.5641372000,598,0.079263,1411.6890100339,195.9527201899
145392,11.5792224000,599,0.079263,1411.6890100339,195.9527201899
145584,11.5936161000,600,0.079263,1411.6890100339,195.9527201899
145776,11.6086959000,601,0.079263,1411.6890100339,195.9527201899
145968,11.6235626000,602,0.079263,1411.6890100339,195.9527201899
146160,11.6372959000,603,0.079263,1411.6890100339,195.9527201899
146352,11.6527662000,604,0.079263,1411.6890100339,195.9527201899
146544,11.6683797000,605,0.079263,1411.6890100339,195.9527201899
146736,11.6830059000,606,0.079263,1411.6890100339,195.9527201899
146927,11.6982196000,607,0.079263,1411.6890100339,195.9527201899
147118,11.7123740000,608,0.079263,1411.6890100339,195.9527201899
147309,11.7268532000,609,0.079263,1411.6890100339,195.9527201899
147500,11.7409026000,610,0.079192,1411.6890100339,195.6407388439
147691,11.7558990000,611,0.079192,1411.6890100339,195.6407388439
147882,11.7704941000,612,0.079192,1411.6890100339,195.6407388439
148073,11.7840742000,613,0.079108,1411.6890100339,195.2826703394
148263,11.7984523000,614,0.079108,1411.6890100339,195.2826703394
148453,11.8121653000,615,0.079108,1411.6890100339,195.2826703394
148643,11.8256782000,616,0.079108,1411.6890100339,195.2826703394
148833,11.8394480000,617,0.079108,1411.6890100339,195.2826703394
149023,11.8546997000,618,0.079108,1411.6890100339,195.2826703394
149213,11.8688193000,619,0.079082,1411.6890100339,195.1780701659
149403,11.8827774000,620,0.079043,1411.6890100339,195.0170701659
149592,11.8966787000,621,0.079043,1411.6890100339,195.0170701659
149781,11.9117217000,622,0.079042,1411.6890100339,195.0170701659
149970,11.9270273000,623,0.078949,1411.6890100339,194.6269176196
150159,11.9422421000,624,0.078935,1411.6890100339,194.5719495574
150348,11.9569682000,625,0.078935,1411.6890100339,194.5719495574
150537,11.9711189000,626,0.078891,1411.6890100339,194.3915523738
150726,11.9858070000,627,0.078891,1411.6890100339,194.3915523738
150914,12.0002218000,628,0.078890,1411.6890100339,194.3915523738
151102,12.0151211000,629,0.078890,1411.6890100339,194.3915523738
151290,12.0298378000,630,0.078889,1411.6890100339,194.3915523738
151478,12.0447616000,631,0.078889,1411.6890100339,194.3915523738
151666,12.0586237000,632,0.078888,1411.6890100339,194.3915523738
151854,12.0724825000,633,0.078888,1411.6890100339,194.3915523738
152042,12.0870115000,634,0.078887,1411.6890100339,194.3915523738
152229,12.1005975000,635,0.078887,1411.6890100339,194.3915523738
152416,12.1139821000,636,0.078850,1411.6890100339,194.2393122348
152603,12.1277968000,637,0.078849,1411.6890100339,194.2393122348
152790,12.1422004000,638,0.078751,1411.6890100339,193.8273381321
152977,12.1576427000,639,0.078750,1411.6890100339,193.8273381321
153164,12.1726478000,640,0.078750,1411.6890100339,193.8273381321
153351,12.1879444000,641,0.078749,1411.6890100339,193.8273381321
153538,12.2012657000,642,0.078749,1411.6890100339,193.8273381321
153724,12.2151204000,643,0.078748,1411.6890100339,193.8273381321
153910,12.2301993000,644,0.078748,1411.6890100339,193.8273381321
154096,12.2447610000,645,0.078747,1411.6890100339,193.8273381321
154282,12.2592368000,646,0.078747,1411.6890100339,193.8234877735
154468,12.2735891000,647,0.078747,1411.6890100339,193.8234877735
154654,12.2873150000,648,0.078747,1411.6890100339,193.8234877735
154840,12.3008758000,649,0.078747,1411.6890100339,193.8234877735
155025,12.3148248000,650,0.078747,1411.6890100339,193.8234877735
155210,12.3294346000,651,0.078747,1411.6890100339,193.8234877735
155395,12.3431947000,652,0.078747,1411.6890100339,193.8234877735
155580,12.3574021000,653,0.078747,1411.6890100339,193.8234877735
155765,12.3721649000,654,0.078747,1411.6890100339,193.8234877735
155950,12.3859290000,655,0.078696,1411.6890100339,193.5598222552
156135,12.3992486000,656,0.078696,1411.6890100339,193.5598222552
156319,12.4132375000,657,0.078696,1411.6890100339,193.5486149960
156503,12.4266312000,658,0.078696,1411.6890100339,193.5486149960
156687,12.4404211000,659,0.078696,1411.6890100339,193.5486149960
156871,12.4548374000,660,0.078696,1411.6890100339,193.5486149960
157055,12.4681126000,661,0.078696,1411.6890100339,193.5486149960
157239,12.4813139000,662,0.078696,1411.6890100339,193.5486149960
157423,12.4952364000,663,0.078696,1411.6890100339,193.5486149960
157607,12.5097761000,664,0.078624,1411.6890100339,193.2038737617
157790,12.5232954000,665,0.078624,1411.6890100339,193.2038737617
157973,12.5371488000,666,0.078624,1411.6890100339,193.2038737617
158156,12.5515733000,667,0.078624,1411.6890100339,193.2038737617
158339,12.5646510000,668,0.078624,1411.6890100339,193.2038737617
158522,12.5775903000,669,0.078624,1411.6890100339,193.2038737617
158705,12.5912241000,670,0.078590,1239.8936476228,209.6886078207
158888,12.6043666000,671,0.078590,1239.8936476228,209.6886078207
159070,12.6174549000,672,0.078590,1239.8936476228,209.6886078207
159252,12.6304179000,673,0.078590,1239.8936476228,209.6886078207
159434,12.6450732000,674,0.078590,1239.8936476228,209.6886078207
159616,12.6594937000,675,0.078577,1239.8936476228,209.6054341076
159798,12.6737633000,676,0.078577,1239.8936476228,209.6054341076
159980,12.6881173000,677,0.078577,1239.8936476228,209.6054341076
160162,12.7021864000,678,0.078366,1230.2735753852,209.6411600688
160343,12.7164771000,679,0.078366,1230.2735753852,209.6411600688
160524,12.7297583000,680,0.078366,1230.2735753852,209.6411600688
160705,12.7438173000,681,0.078366,1230.2735753852,209.6411600688
160886,12.7583384000,682,0.078362,1230.2735753852,209.6105623573
161067,12.7728076000,683,0.078362,1230.2735753852,209.6105623573
161248,12.7879807000,684,0.078362,1230.2735753852,209.6105623573
161429,12.8018486000,685,0.078314,1230.2735753852,209.4010815200
161610,12.8169418000,686,0.078314,1230.2735753852,209.4010815200
161790,12.8303825000,687,0.078314,1230.2735753852,209.4010815200
161970,12.8444686000,688,0.078314,1230.2735753852,209.4010815200
162150,12.8586313000,689,0.078314,1230.2735753852,209.4010815200
162330,12.8724313000,690,0.078314,1230.2735753852,209.4010815200
162510,12.8865062000,691,0.078314,1230.2735753852,209.4010815200
162690,12.9001254000,692,0.078314,1230.2735753852,209.4010815200
162870,12.9145246000,693,0.078314,1230.2735753852,209.4010815200
163049,12.9292377000,694,0.078239,1230.2735753852,209.0581210324
163228,12.9429631000,695,0.078239,1230.2735753852,209.0581210324
163407,12.9562870000,696,0.078239,1230.2735753852,209.0581210324
163586,12.9702914000,697,0.078239,1230.2735753852,209.0581210324
163765,12.9843353000,698,0.078239,1230.2735753852,209.0581210324
163944,12.9987334000,699,0.078239,1230.2735753852,209.0581210324
164123,13.0131994000,700,0.078239,1230.2735753852,209.0581210324
164302,13.0265444000,701,0.078239,1230.2735753852,209.0581210324
164480,13.0395785000,702,0.078239,1230.2735753852,209.0581210324
164658,13.0527464000,703,0.078239,1230.2735753852,209.0581210324
164836,13.0658628000,704,0.078239,1230.2735753852,209.0581210324
165014,13.0785713000,705,0.078239,1230.2735753852,209.0581210324
165192,13.0911552000,706,0.078239,1230.2735753852,209.0581210324
165370,13.1044210000,707,0.078239,1230.2735753852,209.0581210324
165548,13.1181221000,708,0.078239,1230.2735753852,209.0581210324
165725,13.1308070000,709,0.078239,1230.2735753852,209.0581210324
165902,13.1438357000,710,0.078239,1230.2735753852,209.0581210324
166079,13.1574240000,711,0.078239,1230.2735753852,209.0574639923
166256,13.1714107000,712,0.078239,1230.2735753852,209.0574639923
166433,13.1852441000,713,0.078239,1230.2735753852,209.0574639923
166610,13.1992913000,714,0.078239,1230.2735753852,209.0574639923
166787,13.2130165000,715,0.078186,1411.6890100339,191.2030775344
166964,13.2266998000,716,0.078173,1411.6890100339,191.1487706510
167140,13.2413014000,717,0.078173,1411.6890100339,191.1487706510
167316,13.2550101000,718,0.078173,1411.6890100339,191.1487706510
167492,13.2691798000,719,0.078173,1411.6890100339,191.1487706510
167668,13.2819162000,720,0.078170,1411.6890100339,191.1343381743
167844,13.2956030000,721,0.078170,1411.6890100339,191.1343381743
168020,13.3090267000,722,0.078170,1411.6890100339,191.1343381743
168196,13.3221715000,723,0.078170,1411.6890100339,191.1343381743
168372,13.3359328000,724,0.078170,1411.6890100339,191.1343381743
168547,13.3501904000,725,0.078170,1411.6890100339,191.1343381743
168722,13.3637330000,726,0.078170,1411.6890100339,191.1343381743
168897,13.3762369000,727,0.078116,1411.6890100339,190.9075855119
169072,13.3907955000,728,0.078116,1411.6890100339,190.9075855119
169247,13.4040681000,729,0.078116,1411.6890100339,190.9075855119
169422,13.4177157000,730,0.078116,1411.6890100339,190.9075855119
169597,13.4321446000,731,0.078116,1411.6890100339,190.9075855119
169771,13.4455586000,732,0.078116,1411.6890100339,190.9075855119
169945,13.4585094000,733,0.078116,1411.6890100339,190.9075855119
170119,13.4717761000,734,0.078116,1411.6890100339,190.9075855119
170293,13.4853755000,735,0.078116,1411.6890100339,190.9075855119
170467,13.4984455000,736,0.078116,1411.6890100339,190.9075855119
170641,13.5119963000,737,0.078115,1411.6890100339,190.9075855119
170815,13.5255683000,738,0.078115,1411.6890100339,190.9075855119
170989,13.5384542000,739,0.078114,1411.6890100339,190.9075855119
171162,13.5518248000,740,0.078114,1411.6890100339,190.9075855119
171335,13.5647333000,741,0.078113,1411.6890100339,190.9075855119
171508,13.5772692000,742,0.078113,1411.6890100339,190.9075855119
171681,13.5896363000,743,0.078112,1411.6890100339,190.9075855119
171854,13.6018302000,744,0.078112,1411.6890100339,190.9075855119
172027,13.6145109000,745,0.078111,1411.6890100339,190.9075855119
172200,13.6287835000,746,0.078111,1411.6890100339,190.9075855119
172373,13.6420189000,747,0.078110,1411.6890100339,190.9075855119
172545,13.6543276000,748,0.078110,1411.6890100339,190.9075855119
172717,13.6681206000,749,0.078110,1411.6890100339,190.9075855119
172889,13.6809152000,750,0.078109,1411.6890100339,190.9075855119
173061,13.6937170000,751,0.078109,1411.6890100339,190.9075855119
173233,13.7073425000,752,0.078096,1411.6890100339,190.8556153342
173405,13.7209732000,753,0.078095,1411.6890100339,190.8556153342
173577,13.7340339000,754,0.078095,1411.6890100339,190.8556153342
173749,13.7475075000,755,0.078094,1411.6890100339,190.8556153342
173920,13.7608857000,756,0.078094,1411.6890100339,190.8556153342
174091,13.7739388000,757,0.078092,1411.6890100339,190.8482713365
174262,13.7860985000,758,0.078091,1411.6890100339,190.8482713365
174433,13.7986711000,759,0.078091,1411.6890100339,190.8482713365
174604,13.8111971000,760,0.078090,1411.6890100339,190.8482713365
174775,13.8234952000,761,0.078090,1411.6890100339,190.8482713365
174946,13.8371474000,762,0.078089,1411.6890100339,190.8459244278
175117,13.8509700000,763,0.078088,1411.6890100339,190.8459244278
175287,13.8644827000,764,0.078087,1411.6890100339,190.8459244278
175457,13.8774767000,765,0.078085,1411.6890100339,190.8459244278
175627,13.8903689000,766,0.078084,1411.6890100339,190.8459244278
175797,13.9036534000,767,0.077992,1230.2735753852,208.0581068547
175967,13.9163100000,768,0.077990,1230.2735753852,208.0581068547
176137,13.9288602000,769,0.077989,1230.2735753852,208.0581068547
176307,13.9417008000,770,0.077988,1230.2735753852,208.0581068547
176477,13.9549797000,771,0.077986,1230.2735753852,208.0581068547
176646,13.9681200000,772,0.077985,1230.2735753852,208.0581068547
176815,13.9806041000,773,0.077983,1230.2735753852,208.0581068547
176984,13.9938269000,774,0.077982,1230.2735753852,208.0581068547
177153,14.0074495000,775,0.077981,1230.2735753852,208.0581068547
177322,14.0197965000,776,0.077979,1230.2735753852,208.0581068547
177491,14.0337242000,777,0.077978,1230.2735753852,208.0581068547
177660,14.0482691000,778,0.077976,1230.2735753852,208.0581068547
177829,14.0606999000,779,0.077975,1230.2735753852,208.0581068547
177997,14.0733295000,780,0.077960,1230.2735753852,208.0013536625
178165,14.0863957000,781,0.077959,1230.2735753852,208.0013536625
178333,14.0995722000,782,0.077957,1230.2735753852,208.0013536625
178501,14.1128148000,783,0.077956,1230.2735753852,208.0013536625
178669,14.1259174000,784,0.077954,1230.2735753852,208.0013536625
178837,14.1389780000,785,0.077953,1230.2735753852,208.0013536625
179005,14.1513191000,786,0.077952,1230.2735753852,208.0013536625
179173,14.1633259000,787,0.077950,1230.2735753852,208.0013536625
179340,14.1752500000,788,0.077949,1230.2735753852,208.0013536625
179507,14.1883662000,789,0.077947,1230.2735753852,208.0013536625
179674,14.2011396000,790,0.077946,1230.2735753852,208.0013536625
179841,14.2137592000,791,0.077945,1230.2735753852,208.0013536625
180008,14.2261918000,792,0.077943,1230.2735753852,208.0013536625
180175,14.2387261000,793,0.077943,1230.2735753852,208.0013536625
180342,14.2513160000,794,0.077943,1230.2735753852,208.0013536625
180509,14.2638469000,795,0.077943,1230.2735753852,208.0013536625
180675,14.2769390000,796,0.077943,1230.2735753852,208.0013536625
180841,14.2901740000,797,0.077943,1230.2735753852,208.0013536625
181007,14.3033715000,798,0.077943,1230.2735753852,208.0013536625
181173,14.3158045000,799,0.077943,1230.2735753852,208.0013536625
181339,14.3290014000,800,0.077943,1230.2735753852,208.0013536625
181505,14.3415514000,801,0.077943,1230.2735753852,208.0013536625
181671,14.3537161000,802,0.077863,1411.6890100339,190.0359180387
181837,14.3658355000,803,0.077863,1411.6890100339,190.0359180387
182002,14.3794176000,804,0.077863,1411.6890100339,190.0359180387
182167,14.3918861000,805,0.077863,1411.6890100339,190.0359180387
182332,14.4049102000,806,0.077863,1411.6890100339,190.0359180387
182497,14.4174870000,807,0.077863,1411.6890100339,190.0359180387
182662,14.4306589000,808,0.077863,1411.6890100339,190.0359180387
182827,14.4431561000,809,0.077863,1411.6890100339,190.0359180387
182992,14.4556407000,810,0.077863,1411.6890100339,190.0359180387
183157,14.4683589000,811,0.077863,1411.6890100339,190.0359180387
183321,14.4808778000,812,0.077863,1411.6890100339,190.0359180387
183485,14.4936247000,813,0.077863,1411.6890100339,190.0359180387
183649,14.5061957000,814,0.077863,1411.6890100339,190.0359180387
183813,14.5183465000,815,0.077863,1411.6890100339,190.0359180387
183977,14.5306135000,816,0.077863,1411.6890100339,190.0359180387
184141,14.5432731000,817,0.077863,1411.6890100339,190.0359180387
184305,14.5552524000,818,0.077863,1411.6890100339,190.0359180387
184469,14.5673088000,819,0.077863,1411.6890100339,190.0359180387
184632,14.5796041000,820,0.077863,1411.6890100339,190.0359180387
184795,14.5918375000,821,0.077863,1411.6890100339,190.0359180387
184958,14.6040265000,822,0.077863,1411.6890100339,190.0359180387
185121,14.6171943000,823,0.077863,1411.6890100339,190.0359180387
185284,14.6295670000,824,0.077863,1411.6890100339,190.0359180387
185447,14.6420706000,825,0.077863,1411.6890100339,190.0359180387
185610,14.6551912000,826,0.077863,1411.6890100339,189.9901804929
185773,14.6681654000,827,0.077863,1411.6890100339,189.9901804929
185936,14.6811268000,828,0.077863,1411.6890100339,189.9901804929
186098,14.6930890000,829,0.077774,1411.6890100339,189.5788717158
186260,14.7058576000,830,0.077774,1411.6890100339,189.5788717158
186422,14.7183353000,831,0.077774,1411.6890100339,189.5788717158
186584,14.7299048000,832,0.077774,1411.6890100339,189.5788717158
186746,14.7414292000,833,0.077762,1411.6890100339,189.5240698829
186908,14.7543529000,834,0.077762,1411.6890100339,189.5240698829
187070,14.7660173000,835,0.077762,1411.6890100339,189.5240698829
187232,14.7780665000,836,0.077762,1411.6890100339,189.5240698829
187393,14.7897042000,837,0.077762,1411.6890100339,189.5240698829
187554,14.8020843000,838,0.077762,1411.6890100339,189.5240698829
187715,14.8151530000,839,0.077762,1411.6890100339,189.5240698829
187876,14.8275882000,840,0.077762,1411.6890100339,189.5240698829
188037,14.8396350000,841,0.077762,1411.6890100339,189.5240698829
188198,14.8520350000,842,0.077762,1411.6890100339,189.5240698829
188359,14.8644308000,843,0.077762,1411.6890100339,189.5240698829
188520,14.8767487000,844,0.077762,1411.6890100339,189.5240698829
188680,14.8901468000,845,0.077762,1411.6890100339,189.5113465137
188840,14.9026415000,846,0.077762,1411.6890100339,189.5113465137
189000,14.9144452000,847,0.077762,1411.6890100339,189.5113465137
189160,14.9277225000,848,0.077762,1411.6890100339,189.5113465137
189320,14.9405877000,849,0.077739,1411.6890100339,189.4071811075
189480,14.9522250000,850,0.077739,1411.6890100339,189.4071811075
189640,14.9640641000,851,0.077739,1411.6890100339,189.4071811075
189800,14.9762346000,852,0.077739,1411.6890100339,189.4059694114
189960,14.9888615000,853,0.077739,1411.6890100339,189.4059694114
190119,15.0006377000,854,0.077739,1411.6890100339,189.4059694114
190278,15.0132607000,855,0.077739,1411.6890100339,189.4059694114
190437,15.0255140000,856,0.077675,1411.6890100339,189.0969042100
190596,15.0378760000,857,0.077675,1411.6890100339,189.0969042100
190755,15.0495595000,858,0.077675,1411.6890100339,189.0969042100
190914,15.0617804000,859,0.077675,1411.6890100339,189.0969042100
191073,15.0741985000,860,0.077675,1411.6890100339,189.0969042100
191232,15.0868774000,861,0.077675,1411.6890100339,189.0969042100
191390,15.0994417000,862,0.077675,1411.6890100339,189.0969042100
191548,15.1116004000,863,0.077675,1411.6890100339,189.0638136819
191706,15.1241784000,864,0.077675,1411.6890100339,189.0638136819
191864,15.1366202000,865,0.077675,1411.6890100339,189.0358703879
192022,15.1484097000,866,0.077622,1230.2735753852,206.3988472065
192180,15.1599298000,867,0.077622,1230.2735753852,206.3988472065
192338,15.1718204000,868,0.077622,1230.2735753852,206.3988472065
192496,15.1838273000,869,0.077622,1230.2735753852,206.3988472065
192654,15.1958735000,870,0.077622,1230.2735753852,206.3988472065
192811,15.2078737000,871,0.077622,1230.2735753852,206.3988472065
192968,15.2202686000,872,0.077622,1230.2735753852,206.3988472065
193125,15.2331397000,873,0.077622,1230.2735753852,206.3988472065
193282,15.2454869000,874,0.077622,1230.2735753852,206.3901642040
193439,15.2576375000,875,0.077622,1230.2735753852,206.3901642040
193596,15.2704901000,876,0.077567,1230.2735753852,206.0961642040
193753,15.2830251000,877,0.077562,1230.2735753852,206.0703147172
193910,15.2948011000,878,0.077552,1230.2735753852,206.0192283502
194067,15.3070265000,879,0.077552,1230.2735753852,206.0192283502
194223,15.3199771000,880,0.077552,1230.2735753852,206.0192283502
194379,15.3317632000,881,0.077552,1230.2735753852,206.0192283502
194535,15.3437148000,882,0.077552,1230.2735753852,206.0192283502
194691,15.3551223000,883,0.077552,1230.2735753852,206.0192283502
194847,15.3680717000,884,0.077527,1411.6890100339,188.3112163901
195003,15.3803726000,885,0.077527,1411.6890100339,188.3112163901
195159,15.3923113000,886,0.077526,1411.6890100339,188.3112163901
195315,15.4044202000,887,0.077526,1411.6890100339,188.3112163901
195470,15.4165192000,888,0.077526,1411.6890100339,188.3112163901
195625,15.4287429000,889,0.077525,1411.6890100339,188.3112163901
195780,15.4414499000,890,0.077512,1411.6890100339,188.2573298927
195935,15.4537426000,891,0.077512,1411.6890100339,188.2573298927
196090,15.4651804000,892,0.077511,1411.6890100339,188.2573298927
196245,15.4766225000,893,0.077511,1411.6890100339,188.2573298927
196400,15.4885756000,894,0.077511,1411.6890100339,188.2573298927
196555,15.5002408000,895,0.077511,1411.6890100339,188.2573298927
196710,15.5124442000,896,0.077510,1411.6890100339,188.2573298927
196864,15.5244882000,897,0.077510,1411.6890100339,188.2573298927
197018,15.5358327000,898,0.077510,1411.6890100339,188.2573298927
197172,15.5479815000,899,0.077509,1411.6890100339,188.2573298927
197326,15.5602177000,900,0.077509,1411.6890100339,188.2573298927
197480,15.5716359000,901,0.077509,1411.6890100339,188.2573298927
197634,15.5832309000,902,0.077506,1411.6890100339,188.2461811932
197788,15.5947807000,903,0.077464,1230.2735753852,205.6668471582
197942,15.6066538000,904,0.077464,1230.2735753852,205.6668471582
198096,15.6182546000,905,0.077463,1230.2735753852,205.6668471582
198249,15.6295457000,906,0.077463,1230.2735753852,205.6668471582
198402,15.6409584000,907,0.077463,1230.2735753852,205.6668471582
198555,15.6519139000,908,0.077462,1230.2735753852,205.6668471582
198708,15.6632982000,909,0.077462,1230.2735753852,205.6668471582
198861,15.6746398000,910,0.077462,1230.2735753852,205.6668471582
199014,15.6867098000,911,0.077413,1230.2735753852,205.4548092676
199167,15.6985274000,912,0.077413,1230.2735753852,205.4548092676
199320,15.7099337000,913,0.077413,1230.2735753852,205.4548092676
199473,15.7221668000,914,0.077413,1230.2735753852,205.4548092676
199625,15.7342217000,915,0.077413,1230.2735753852,205.4548092676
199777,15.7468121000,916,0.077413,1230.2735753852,205.4548092676
199929,15.7584112000,917,0.077413,1230.2735753852,205.4548092676
200081,15.7700260000,918,0.077413,1230.2735753852,205.4405832071
200233,15.7822165000,919,0.077413,1230.2735753852,205.4405832071
200385,15.7938646000,920,0.077413,1230.2735753852,205.4405832071
200537,15.8063268000,921,0.077353,1230.2735753852,205.1758518339
200689,15.8182493000,922,0.077353,1230.2735753852,205.1758518339
200840,15.8305952000,923,0.077262,1411.6890100339,187.1982471188
200991,15.8421345000,924,0.077262,1411.6890100339,187.1982471188
201142,15.8532050000,925,0.077262,1411.6890100339,187.1982471188
201293,15.8640456000,926,0.077262,1411.6890100339,187.1982471188
201444,15.8756122000,927,0.077262,1411.6890100339,187.1982471188
201595,15.8874785000,928,0.077262,1411.6890100339,187.1982471188
201746,15.8995773000,929,0.077262,1411.6890100339,187.1982471188
201897,15.9117643000,930,0.077155,1230.2735753852,204.3230103821
202048,15.9231879000,931,0.077155,1230.2735753852,204.3230103821
202198,15.9346877000,932,0.076930,1230.2735753852,203.3701021629
202348,15.9456506000,933,0.076930,1230.2735753852,203.3701021629
202498,15.9562440000,934,0.076930,1230.2735753852,203.3701021629
202648,15.9674552000,935,0.076930,1230.2735753852,203.3701021629
202798,15.9797306000,936,0.076930,1230.2735753852,203.3701021629
202948,15.9908189000,937,0.076930,1230.2735753852,203.3701021629
203098,16.0018141000,938,0.076930,1230.2735753852,203.3701021629
203248,16.0124722000,939,0.076930,1230.2735753852,203.3701021629
203398,16.0243938000,940,0.076930,1230.2735753852,203.3701021629
203547,16.0357837000,941,0.076930,1230.2735753852,203.3701021629
203696,16.0471125000,942,0.076930,1230.2735753852,203.3701021629
203845,16.0583563000,943,0.076930,1230.2735753852,203.3489544187
203994,16.0694978000,944,0.076930,1230.2735753852,203.3489544187
204143,16.0800754000,945,0.076930,1230.2735753852,203.3489544187
204292,16.0906114000,946,0.076930,1230.2735753852,203.3489544187
204441,16.1010497000,947,0.076930,1230.2735753852,203.3489544187
204590,16.1117568000,948,0.076930,1230.2735753852,203.3489544187
204739,16.1226785000,949,0.076877,1230.2735753852,203.0574313277
204887,16.1333714000,950,0.076877,1230.2735753852,203.0574313277
205035,16.1445240000,951,0.076877,1230.2735753852,203.0574313277
205183,16.1558722000,952,0.076282,1230.2735753852,200.5386957692
205331,16.1683162000,953,0.076282,1230.2735753852,200.5386957692
205479,16.1803133000,954,0.076282,1230.2735753852,200.5386957692
205627,16.1914331000,955,0.076282,1230.2735753852,200.5386957692
205775,16.2021020000,956,0.076282,1230.2735753852,200.5386957692
205923,16.2138689000,957,0.076282,1230.2735753852,200.5386957692
206071,16.2254305000,958,0.076282,1230.2735753852,200.5386957692
206219,16.2370802000,959,0.076282,1230.2735753852,200.5386957692
206366,16.2494687000,960,0.076282,1230.2735753852,200.5386957692
206513,16.2612143000,961,0.076282,1230.2735753852,200.5386957692
206660,16.2723943000,962,0.076282,1230.2735753852,200.5386957692
206807,16.2836546000,963,0.076282,1230.2735753852,200.5386957692
206954,16.2955066000,964,0.076282,1230.2735753852,200.5386957692
207101,16.3070459000,965,0.076282,1230.2735753852,200.5386957692
207248,16.3182973000,966,0.076282,1230.2735753852,200.4754045125
207395,16.3297806000,967,0.076282,1230.2735753852,200.4754045125
207542,16.3409814000,968,0.076282,1230.2735753852,200.4754045125
207688,16.3523593000,969,0.076282,1230.2735753852,200.4754045125
207834,16.3635436000,970,0.076282,1230.2735753852,200.4754045125
207980,16.3745550000,971,0.076282,1230.2735753852,200.4754045125
208126,16.3854346000,972,0.076282,1230.2735753852,200.4754045125
208272,16.3968034000,973,0.076282,1230.2735753852,200.4754045125
208418,16.4081671000,974,0.076282,1230.2735753852,200.4736787912
208564,16.4189327000,975,0.076282,1230.2735753852,200.4736787912
208710,16.4294723000,976,0.076282,1230.2735753852,200.4736787912
208856,16.4400939000,977,0.076282,1230.2735753852,200.4736787912
209001,16.4513632000,978,0.076282,1230.2735753852,200.4736787912
209146,16.4626587000,979,0.076282,1230.2735753852,200.4736787912
209291,16.4736406000,980,0.076282,1230.2735753852,200.4736787912
209436,16.4844905000,981,0.076282,1230.2735753852,200.4736787912
209581,16.4959010000,982,0.076282,1230.2735753852,200.4736787912
209726,16.5067675000,983,0.076282,1230.2735753852,200.4736787912
209871,16.5177798000,984,0.076281,1230.2735753852,200.4702230790
210016,16.5288019000,985,0.076280,1230.2735753852,200.4702230790
210161,16.5393829000,986,0.076238,1230.2735753852,200.2994009989
210305,16.5507527000,987,0.076235,1230.2735753852,200.2891630826
210449,16.5613942000,988,0.076234,1230.2735753852,200.2891630826
210593,16.5721041000,989,0.076233,1230.2735753852,200.2891630826
210737,16.5835374000,990,0.076233,1230.2735753852,200.2891630826
210881,16.5939104000,991,0.076232,1230.2735753852,200.2891630826
211025,16.6041322000,992,0.076231,1230.2735753852,200.2891630826
211169,16.6142420000,993,0.076230,1230.2735753852,200.2891630826
211313,16.6244006000,994,0.076229,1230.2735753852,200.2891630826
211457,16.6370937000,995,0.076229,1230.2735753852,200.2891630826
211601,16.6479990000,996,0.076228,1230.2735753852,200.2891630826
211744,16.6584408000,997,0.076227,1230.2735753852,200.2891630826
211887,16.6689047000,998,0.076226,1230.2735753852,200.2891630826
212030,16.6796331000,999,0.076224,1230.2735753852,200.2891630826
212173,16.6914457000,1000,0.076223,1230.2735753852,200.2891630826
212316,16.7020130000,1001,0.076221,1230.2735753852,200.2891630826
212459,16.7125742000,1002,0.076220,1230.2735753852,200.2891630826
212602,16.7229961000,1003,0.076218,1230.2735753852,200.2891630826
212745,16.7342563000,1004,0.076217,1230.2735753852,200.2891630826
212888,16.7447915000,1005,0.076215,1230.2735753852,200.2891630826
213030,16.7554738000,1006,0.076214,1230.2735753852,200.2891630826
213172,16.7659551000,1007,0.076212,1230.2735753852,200.2891630826
213314,16.7770817000,1008,0.076211,1230.2735753852,200.2891630826
213456,16.7887667000,1009,0.076209,1230.2735753852,200.2891630826
213598,16.7998562000,1010,0.076208,1230.2735753852,200.2891630826
213740,16.8103364000,1011,0.076206,1230.2735753852,200.2891630826
213882,16.8206925000,1012,0.076205,1230.2735753852,200.2891630826
214024,16.8318001000,1013,0.076203,1230.2735753852,200.2891630826
214166,16.8429308000,1014,0.076202,1230.2735753852,200.2891630826
214308,16.8541817000,1015,0.076200,1230.2735753852,200.2891630826
214449,16.8662990000,1016,0.076199,1230.2735753852,200.2891630826
214590,16.8765916000,1017,0.076197,1230.2735753852,200.2891630826
214731,16.8868010000,1018,0.076196,1230.2735753852,200.2891630826
214872,16.8969481000,1019,0.076194,1230.2735753852,200.2891630826
215013,16.9075775000,1020,0.076193,1230.2735753852,200.2891630826
215154,16.9191181000,1021,0.076191,1230.2735753852,200.2891630826
215295,16.9297272000,1022,0.076189,1230.2735753852,200.2891630826
215436,16.9398269000,1023,0.076188,1230.2735753852,200.2891630826
215577,16.9502471000,1024,0.076186,1230.2735753852,200.2891630826
215717,16.9610260000,1025,0.076185,1230.2735753852,200.2891630826
215857,16.9720337000,1026,0.076173,1230.2735753852,200.2454396580
215997,16.9820518000,1027,0.076171,1230.2735753852,200.2454396580
216137,16.9919838000,1028,0.076170,1230.2735753852,200.2454396580
216277,17.0021472000,1029,0.076168,1230.2735753852,200.2454396580
216417,17.0129786000,1030,0.076166,1230.2735753852,200.2454396580
216557,17.0230115000,1031,0.076165,1230.2735753852,200.2454396580
216697,17.0328771000,1032,0.076163,1230.2735753852,200.2454396580
216837,17.0433534000,1033,0.076162,1230.2735753852,200.2454396580
216977,17.0540033000,1034,0.076160,1230.2735753852,200.2454396580
217116,17.0650300000,1035,0.076158,1230.2735753852,200.2454396580
217255,17.0759140000,1036,0.076157,1230.2735753852,200.2454396580
217394,17.0856695000,1037,0.076155,1230.2735753852,200.2454396580
217533,17.0957199000,1038,0.076153,1230.2735753852,200.2454396580
217672,17.1060162000,1039,0.076152,1230.2735753852,200.2454396580
217811,17.1160006000,1040,0.076074,1230.2735753852,199.9266489838
217950,17.1267270000,1041,0.076073,1230.2735753852,199.9266489838
218089,17.1378660000,1042,0.076071,1230.2735753852,199.9261269861
218228,17.1492091000,1043,0.076069,1230.2735753852,199.9261269861
218367,17.1593572000,1044,0.076068,1230.2735753852,199.9261269861
218505,17.1694297000,1045,0.076066,1230.2735753852,199.9261269861
218643,17.1799582000,1046,0.076064,1230.2735753852,199.9261269861
218781,17.1902322000,1047,0.076063,1230.2735753852,199.9261269861
218919,17.2009050000,1048,0.076061,1230.2735753852,199.9261269861
219057,17.2106330000,1049,0.076059,1230.2735753852,199.9261269861
219195,17.2210479000,1050,0.076058,1230.2735753852,199.9261269861
219333,17.2312408000,1051,0.076056,1230.2735753852,199.9261269861
219471,17.2413745000,1052,0.076055,1230.2735753852,199.9261269861
219609,17.2513830000,1053,0.076053,1230.2735753852,199.9261269861
219746,17.2611294000,1054,0.076051,1230.2735753852,199.9261269861
219883,17.2710802000,1055,0.076050,1230.2735753852,199.9261269861
220020,17.2822019000,1056,0.076048,1230.2735753852,199.9261269861
220157,17.2928643000,1057,0.076048,1230.2735753852,199.9261269861
220294,17.3028500000,1058,0.076048,1230.2735753852,199.9261269861
220431,17.3132134000,1059,0.076048,1230.2735753852,199.9261269861
220568,17.3239407000,1060,0.075991,1230.2735753852,199.6793299686
220705,17.3347740000,1061,0.075991,1230.2735753852,199.6793299686
220842,17.3451049000,1062,0.075991,1230.2735753852,199.6793299686
220979,17.3560417000,1063,0.075991,1230.2735753852,199.6793299686
221115,17.3673030000,1064,0.075991,1230.2735753852,199.6793299686
221251,17.3778785000,1065,0.075991,1230.2735753852,199.6793299686
221387,17.3888255000,1066,0.075991,1230.2735753852,199.6793299686
221523,17.3992180000,1067,0.075991,1230.2735753852,199.6793299686
221659,17.4089944000,1068,0.075991,1230.2735753852,199.6793299686
221795,17.4190522000,1069,0.075991,1230.2735753852,199.6793299686
221931,17.4298957000,1070,0.075991,1230.2735753852,199.6793299686
222067,17.4404697000,1071,0.075991,1230.2735753852,199.6793299686
222203,17.4511431000,1072,0.075991,1230.2735753852,199.6793299686
222339,17.4612508000,1073,0.075991,1230.2735753852,199.6793299686
222474,17.4717138000,1074,0.075991,1230.2735753852,199.6793299686
222609,17.4826350000,1075,0.075934,1230.2735753852,199.4085712157
222744,17.4928845000,1076,0.075932,1230.2735753852,199.4005452264
222879,17.5045733000,1077,0.075932,1230.2735753852,199.4005452264
223014,17.5150665000,1078,0.075932,1230.2735753852,199.4005452264
223149,17.5252143000,1079,0.075932,1230.2735753852,199.4005452264
223284,17.5349939000,1080,0.075932,1230.2735753852,199.4005452264
223419,17.5454957000,1081,0.075932,1230.2735753852,199.4005452264
223554,17.5556048000,1082,0.075932,1230.2735753852,199.4005452264
223689,17.5656133000,1083,0.075932,1230.2735753852,199.4005452264
223823,17.5760760000,1084,0.075932,1230.2735753852,199.4005452264
223957,17.5864847000,1085,0.075932,1230.2735753852,199.4005452264
224091,17.5966053000,1086,0.075932,1230.2735753852,199.4005452264
224225,17.6066004000,1087,0.075932,1230.2735753852,199.4005452264
224359,17.6164210000,1088,0.075932,1230.2735753852,199.4005452264
224493,17.6268216000,1089,0.075932,1230.2735753852,199.4005452264
224627,17.6374725000,1090,0.075932,1230.2735753852,199.4005452264
224761,17.6471404000,1091,0.075932,1230.2735753852,199.4005452264
224895,17.6566390000,1092,0.075932,1230.2735753852,199.4005452264
225029,17.6672138000,1093,0.075923,1230.2735753852,199.3450996730
225162,17.6778754000,1094,0.075923,1230.2735753852,199.3450996730
225295,17.6875859000,1095,0.075922,1230.2735753852,199.3450996730
225428,17.6971017000,1096,0.075921,1230.2735753852,199.3399687861
225561,17.7069798000,1097,0.075921,1230.2735753852,199.3399687861
225694,17.7176119000,1098,0.075771,1230.2735753852,198.7111784311
225827,17.7281330000,1099,0.075771,1230.2735753852,198.7111784311
225960,17.7382539000,1100,0.075771,1230.2735753852,198.7111784311
226093,17.7485431000,1101,0.075770,1230.2735753852,198.7111784311
226226,17.7587751000,1102,0.075770,1230.2735753852,198.7111784311
226359,17.7696136000,1103,0.075770,1230.2735753852,198.7111784311
226491,17.7797684000,1104,0.075770,1230.2735753852,198.7111784311
226623,17.7900821000,1105,0.075770,1230.2735753852,198.7111784311
226755,17.7995871000,1106,0.075770,1230.2735753852,198.7111784311
226887,17.8102854000,1107,0.075734,1230.2735753852,198.5615860119
227019,17.8206014000,1108,0.075734,1230.2735753852,198.5615860119
227151,17.8312896000,1109,0.075734,1230.2735753852,198.5615860119
227283,17.8420092000,1110,0.075730,1230.2735753852,198.5486176395
227415,17.8518074000,1111,0.075730,1230.2735753852,198.5486176395
227547,17.8622387000,1112,0.075730,1230.2735753852,198.5486176395
227679,17.8718874000,1113,0.075730,1230.2735753852,198.5486176395
227811,17.8819192000,1114,0.075679,1230.2735753852,198.3343392853
227942,17.8918460000,1115,0.075678,1230.2735753852,198.3343392853
228073,17.9017751000,1116,0.075678,1230.2735753852,198.3343392853
228204,17.9114964000,1117,0.075677,1230.2735753852,198.3343392853
228335,17.9210532000,1118,0.075676,1230.2735753852,198.3343392853
228466,17.9306162000,1119,0.075675,1230.2735753852,198.3343392853
228597,17.9406743000,1120,0.075674,1230.2735753852,198.3341515463
228728,17.9508694000,1121,0.075673,1230.2735753852,198.3341515463
228859,17.9610161000,1122,0.075672,1230.2735753852,198.3341515463
228990,17.9707863000,1123,0.075672,1230.2735753852,198.3341515463
229121,17.9806607000,1124,0.075671,1230.2735753852,198.3341515463
229251,17.9904410000,1125,0.075670,1230.2735753852,198.3341515463
229381,18.0000993000,1126,0.075669,1230.2735753852,198.3341515463
229511,18.0096365000,1127,0.075668,1230.2735753852,198.3341515463
229641,18.0200722000,1128,0.075667,1230.2735753852,198.3341515463
229771,18.0302316000,1129,0.075667,1230.2735753852,198.3341515463
229901,18.0394395000,1130,0.075623,1230.2735753852,198.1534805048
230031,18.0498249000,1131,0.075578,1230.2735753852,197.9680948568
230161,18.0604283000,1132,0.075577,1230.2735753852,197.9680948568
230291,18.0701812000,1133,0.075372,1230.2735753852,197.1130948568
230421,18.0803840000,1134,0.075367,1230.2735753852,197.0931075503
230550,18.0898535000,1135,0.075366,1230.2735753852,197.0931075503
230679,18.0992113000,1136,0.075365,1230.2735753852,197.0931075503
230808,18.1086460000,1137,0.075364,1230.2735753852,197.0931075503
230937,18.1179055000,1138,0.075305,1230.2735753852,196.8479971016
231066,18.1279186000,1139,0.075304,1230.2735753852,196.8479971016
231195,18.1376170000,1140,0.075303,1230.2735753852,196.8479971016
231324,18.1477067000,1141,0.075302,1230.2735753852,196.8479971016
231453,18.1578564000,1142,0.075302,1230.2735753852,196.8479971016
231582,18.1674372000,1143,0.075301,1230.2735753852,196.8479971016
231711,18.1770430000,1144,0.075300,1230.2735753852,196.8479971016
231840,18.1871865000,1145,0.075299,1230.2735753852,196.8479971016
231968,18.1971451000,1146,0.075299,1230.2735753852,196.8479971016
232096,18.2067961000,1147,0.075298,1230.2735753852,196.8479971016
232224,18.2168286000,1148,0.075297,1230.2735753852,196.8479971016
232352,18.2269047000,1149,0.075297,1230.2735753852,196.8479971016
232480,18.2372670000,1150,0.075296,1230.2735753852,196.8479971016
232608,18.2466921000,1151,0.075295,1230.2735753852,196.8479971016
232736,18.2568775000,1152,0.075295,1230.2735753852,196.8479971016
232864,18.2665774000,1153,0.075294,1230.2735753852,196.8479971016
232992,18.2765433000,1154,0.075294,1230.2735753852,196.8479971016
233120,18.2864625000,1155,0.075293,1230.2735753852,196.8479971016
233247,18.2966538000,1156,0.075246,1230.2735753852,196.6541504615
233374,18.3063038000,1157,0.075246,1230.2735753852,196.6541504615
233501,18.3157423000,1158,0.075245,1230.2735753852,196.6541504615
233628,18.3253850000,1159,0.075244,1230.2735753852,196.6541504615
233755,18.3345299000,1160,0.075244,1230.2735753852,196.6541504615
233882,18.3438572000,1161,0.075243,1230.2735753852,196.6541504615
234009,18.3538040000,1162,0.075242,1230.2735753852,196.6541504615
234136,18.3630836000,1163,0.075242,1230.2735753852,196.6541504615
234263,18.3727350000,1164,0.075241,1230.2735753852,196.6541504615
234390,18.3823489000,1165,0.075241,1230.2735753852,196.6541504615
234517,18.3919871000,1166,0.075240,1230.2735753852,196.6541504615
234643,18.4015861000,1167,0.075239,1230.2735753852,196.6541504615
234769,18.4104828000,1168,0.075239,1230.2735753852,196.6541504615
234895,18.4196815000,1169,0.075238,1230.2735753852,196.6541504615
235021,18.4298926000,1170,0.075237,1230.2735753852,196.6541504615
235147,18.4391981000,1171,0.075237,1230.2735753852,196.6541504615
235273,18.4491661000,1172,0.075236,1230.2735753852,196.6541504615
235399,18.4583518000,1173,0.075173,1225.7375753852,196.8330222444
235525,18.4678434000,1174,0.075173,1225.7375753852,196.8330222444
235651,18.4778841000,1175,0.075173,1225.7375753852,196.8330222444
235777,18.4873735000,1176,0.075136,1225.7375753852,196.6765669862
235903,18.4974475000,1177,0.075136,1225.7375753852,196.6765669862
236028,18.5070300000,1178,0.075136,1225.7375753852,196.6765669862
236153,18.5175584000,1179,0.075136,1225.7375753852,196.6765669862
236278,18.5275484000,1180,0.075136,1225.7375753852,196.6765669862
236403,18.5370540000,1181,0.075136,1225.7375753852,196.6765669862
236528,18.5467311000,1182,0.075136,1225.7375753852,196.6765669862
236653,18.5559660000,1183,0.075136,1225.7375753852,196.6765669862
236778,18.5658885000,1184,0.075083,1223.4995721690,196.6699342252
236903,18.5754058000,1185,0.075083,1223.4995721690,196.6699342252
237028,18.5848348000,1186,0.075048,1223.4995721690,196.5225236424
237153,18.5942481000,1187,0.075048,1223.4995721690,196.5225236424
237278,18.6035495000,1188,0.075048,1223.4995721690,196.5225236424
237402,18.6128768000,1189,0.074989,1223.4995721690,196.2745236424
237526,18.6225604000,1190,0.074989,1223.4995721690,196.2745236424
237650,18.6322651000,1191,0.074989,1223.4995721690,196.2745236424
237774,18.6410844000,1192,0.074989,1223.4995721690,196.2745236424
237898,18.6498831000,1193,0.074989,1223.4995721690,196.2745236424
238022,18.6587022000,1194,0.074975,1223.4995721690,196.2191315644
238146,18.6678879000,1195,0.074975,1223.4995721690,196.2191315644
238270,18.6770479000,1196,0.074975,1223.4995721690,196.2191315644
238394,18.6860288000,1197,0.074975,1223.4995721690,196.2191315644
238518,18.6949617000,1198,0.074975,1223.4995721690,196.2191315644
238641,18.7038512000,1199,0.074975,1223.4995721690,196.2191315644
238764,18.7125244000,1200,0.074975,1223.4995721690,196.2191315644
238887,18.7211661000,1201,0.074967,1223.4995721690,196.1843045116
239010,18.7298684000,1202,0.074967,1223.4995721690,196.1843045116
239133,18.7386451000,1203,0.074967,1223.4995721690,196.1843045116
239256,18.7487908000,1204,0.074938,1223.4995721690,196.0631118765
239379,18.7586262000,1205,0.074937,1223.4995721690,196.0631118765
239502,18.7683107000,1206,0.074936,1223.4995721690,196.0631118765
239625,18.7781086000,1207,0.074936,1223.4995721690,196.0631118765
239748,18.7871288000,1208,0.074935,1223.4995721690,196.0631118765
239871,18.7965103000,1209,0.074935,1223.4995721690,196.0631118765
239993,18.8060238000,1210,0.074919,1223.4995721690,196.0017858177
240115,18.8172102000,1211,0.074919,1223.4995721690,196.0017858177
240237,18.8263999000,1212,0.074918,1223.4995721690,196.0017858177
240359,18.8361649000,1213,0.074918,1223.4995721690,196.0017858177
240481,18.8453996000,1214,0.074917,1223.4995721690,196.0017858177
240603,18.8562692000,1215,0.074909,1223.4995721690,195.9705177707
240725,18.8661418000,1216,0.074908,1223.4995721690,195.9705177707
240847,18.8753125000,1217,0.074908,1223.4995721690,195.9705177707
240969,18.8851045000,1218,0.074907,1223.4995721690,195.9705177707
241091,18.8944297000,1219,0.074907,1223.4995721690,195.9705177707
241213,18.9043959000,1220,0.074906,1223.4995721690,195.9705177707
241335,18.9141065000,1221,0.074905,1223.4995721690,195.9705177707
241456,18.9234503000,1222,0.074905,1223.4995721690,195.9705177707
241577,18.9334662000,1223,0.074904,1223.4995721690,195.9705177707
241698,18.9432662000,1224,0.074903,1223.4995721690,195.9705177707
241819,18.9530299000,1225,0.074903,1223.4995721690,195.9705177707
241940,18.9624136000,1226,0.074902,1223.4995721690,195.9705177707
242061,18.9714425000,1227,0.074902,1223.4995721690,195.9705177707
242182,18.9805258000,1228,0.074897,1223.4995721690,195.9542787987
242303,18.9901442000,1229,0.074897,1223.4995721690,195.9542787987
242424,18.9992106000,1230,0.074896,1223.4995721690,195.9542787987
242545,19.0080028000,1231,0.074895,1223.4995721690,195.9542787987
242666,19.0167322000,1232,0.074895,1223.4995721690,195.9542787987
242786,19.0253641000,1233,0.074723,1223.4995721690,195.2370582972
242906,19.0339735000,1234,0.074722,1223.4995721690,195.2370582972
243026,19.0426326000,1235,0.074722,1223.4995721690,195.2370582972
243146,19.0512042000,1236,0.074721,1223.4995721690,195.2370582972
243266,19.0597326000,1237,0.074686,1223.4995721690,195.0948131690
243386,19.0681640000,1238,0.074685,1223.4995721690,195.0948131690
243506,19.0765574000,1239,0.074684,1223.4995721690,195.0948131690
243626,19.0850833000,1240,0.074684,1223.4995721690,195.0948131690
243746,19.0935364000,1241,0.074683,1223.4995721690,195.0948131690
243866,19.1020626000,1242,0.074682,1223.4995721690,195.0948131690
243986,19.1106349000,1243,0.074681,1223.4995721690,195.0948131690
244105,19.1191071000,1244,0.074680,1223.4995721690,195.0948131690
244224,19.1276180000,1245,0.074680,1223.4995721690,195.0948131690
244343,19.1361118000,1246,0.074679,1223.4995721690,195.0948131690
244462,19.1445733000,1247,0.074678,1223.4995721690,195.0948131690
244581,19.1530003000,1248,0.074677,1223.4995721690,195.0948131690
244700,19.1615385000,1249,0.074676,1223.4995721690,195.0948131690
244819,19.1699497000,1250,0.074675,1223.4995721690,195.0948131690
244938,19.1787470000,1251,0.074675,1223.4995721690,195.0948131690
245057,19.1875959000,1252,0.074664,1223.4995721690,195.0550344738
245176,19.1965398000,1253,0.074664,1223.4995721690,195.0550344738
245295,19.2057197000,1254,0.074663,1223.4995721690,195.0550344738
245413,19.2144979000,1255,0.074662,1223.4995721690,195.0550344738
245531,19.2235801000,1256,0.074661,1223.4995721690,195.0550344738
245649,19.2320923000,1257,0.074660,1223.4995721690,195.0550344738
245767,19.2405320000,1258,0.074659,1223.4995721690,195.0550344738
245885,19.2489012000,1259,0.074659,1223.4995721690,195.0550344738
246003,19.2571948000,1260,0.074658,1223.4995721690,195.0550344738
246121,19.2654818000,1261,0.074657,1223.4995721690,195.0550344738
246239,19.2743241000,1262,0.074656,1223.4995721690,195.0550344738
246357,19.2827389000,1263,0.074655,1223.4995721690,195.0550344738
246475,19.2910326000,1264,0.074654,1223.4995721690,195.0550344738
246593,19.2996494000,1265,0.074653,1223.4995721690,195.0550344738
246711,19.3082850000,1266,0.074652,1223.4995721690,195.0550344738
246828,19.3175251000,1267,0.074651,1223.4995721690,195.0550344738
246945,19.3260832000,1268,0.074650,1223.4995721690,195.0550344738
247062,19.3350537000,1269,0.074649,1223.4995721690,195.0550344738
247179,19.3436074000,1270,0.074648,1223.4995721690,195.0550344738
247296,19.3521488000,1271,0.074647,1223.4995721690,195.0550344738
247413,19.3604263000,1272,0.074589,1223.4995721690,194.8138664736
247530,19.3693625000,1273,0.074508,1223.4995721690,194.4769455492
247647,19.3782006000,1274,0.074507,1223.4995721690,194.4769455492
247764,19.3867753000,1275,0.074408,1223.4995721690,194.0679455492
247881,19.3953121000,1276,0.074407,1223.4995721690,194.0679455492
247998,19.4040649000,1277,0.074406,1223.4995721690,194.0679455492
248114,19.4139986000,1278,0.074406,1223.4995721690,194.0679455492
248230,19.4229072000,1279,0.074368,1223.4995721690,193.9152874676
248346,19.4316956000,1280,0.074367,1223.4995721690,193.9152874676
248462,19.4402170000,1281,0.074366,1223.4995721690,193.9152874676
248578,19.4489494000,1282,0.074365,1223.4995721690,193.9152874676
248694,19.4578635000,1283,0.074364,1223.4995721690,193.9152874676
248810,19.4670578000,1284,0.074363,1223.4995721690,193.9152874676
248926,19.4758759000,1285,0.074362,1223.4995721690,193.9152874676
249042,19.4845223000,1286,0.074361,1223.4995721690,193.9152874676
249158,19.4930663000,1287,0.074360,1223.4995721690,193.9152874676
249274,19.5018341000,1288,0.074359,1223.4995721690,193.9152874676
249390,19.5106401000,1289,0.074358,1223.4995721690,193.9152874676
249505,19.5191242000,1290,0.074357,1223.4995721690,193.9152874676
249620,19.5272619000,1291,0.074357,1223.4995721690,193.9152874676
249735,19.5353655000,1292,0.074356,1223.4995721690,193.9152874676
249850,19.5436241000,1293,0.074348,1223.4995721690,193.8797415312
249965,19.5518628000,1294,0.074346,1223.4995721690,193.8738421163
250080,19.5599885000,1295,0.074346,1223.4995721690,193.8738421163
250195,19.5681459000,1296,0.074345,1223.4995721690,193.8738421163
250310,19.5762808000,1297,0.074345,1223.4995721690,193.8738421163
250425,19.5843703000,1298,0.074345,1223.4995721690,193.8738421163
250540,19.5928805000,1299,0.074344,1223.4995721690,193.8738421163
250655,19.6019693000,1300,0.074297,1223.4995721690,193.6761842022
250770,19.6111154000,1301,0.074297,1223.4995721690,193.6761842022
250884,19.6195353000,1302,0.074297,1223.4995721690,193.6761842022
250998,19.6276255000,1303,0.074296,1223.4995721690,193.6761842022
251112,19.6356524000,1304,0.074296,1223.4995721690,193.6757489597
251226,19.6440970000,1305,0.074231,1223.4995721690,193.4046083739
251340,19.6523132000,1306,0.074231,1223.4995721690,193.4046083739
251454,19.6604469000,1307,0.074231,1223.4995721690,193.4046083739
251568,19.6686012000,1308,0.074230,1223.4995721690,193.4046083739
251682,19.6772983000,1309,0.074230,1223.4995721690,193.4046083739
251796,19.6859336000,1310,0.074230,1223.4995721690,193.4046083739
251910,19.6952041000,1311,0.074229,1223.4995721690,193.4046083739
252024,19.7034515000,1312,0.074229,1223.4995721690,193.4046083739
252138,19.7116925000,1313,0.074229,1223.4995721690,193.4046083739
252251,19.7200264000,1314,0.074229,1223.4995721690,193.4046083739
252364,19.7283938000,1315,0.074228,1223.4995721690,193.4046083739
252477,19.7369715000,1316,0.074228,1223.4995721690,193.4046083739
252590,19.7453369000,1317,0.074228,1223.4995721690,193.4046083739
252703,19.7541705000,1318,0.074227,1223.4995721690,193.4046083739
252816,19.7624392000,1319,0.074227,1223.4995721690,193.4046083739
252929,19.7707675000,1320,0.074111,1223.4995721690,192.9166083739
253042,19.7791563000,1321,0.074110,1223.4995721690,192.9166083739
253155,19.7885463000,1322,0.074110,1223.4995721690,192.9166083739
253268,19.7971873000,1323,0.074110,1223.4995721690,192.9166083739
253381,19.8056014000,1324,0.074109,1223.4995721690,192.9166083739
253493,19.8141549000,1325,0.074109,1223.4995721690,192.9166083739
253605,19.8223016000,1326,0.074108,1223.4995721690,192.9166083739
253717,19.8311910000,1327,0.074108,1223.4995721690,192.9166083739
253829,19.8405659000,1328,0.074107,1223.4995721690,192.9166083739
253941,19.8488977000,1329,0.074107,1223.4995721690,192.9166083739
254053,19.8570799000,1330,0.074106,1223.4995721690,192.9166083739
254165,19.8652213000,1331,0.074106,1223.4995721690,192.9166083739
254277,19.8731523000,1332,0.074105,1223.4995721690,192.9166083739
254389,19.8820079000,1333,0.074105,1223.4995721690,192.9166083739
254501,19.8908120000,1334,0.074105,1223.4995721690,192.9166083739
254613,19.8994594000,1335,0.074104,1223.4995721690,192.9166083739
254725,19.9080450000,1336,0.074047,1223.4995721690,192.6788974954
254837,19.9165056000,1337,0.074047,1223.4995721690,192.6788974954
254948,19.9253240000,1338,0.074046,1223.4995721690,192.6788974954
255059,19.9339642000,1339,0.074046,1223.4995721690,192.6788974954
255170,19.9421957000,1340,0.074045,1223.4995721690,192.6788974954
255281,19.9506911000,1341,0.074045,1223.4995721690,192.6788974954
255392,19.9592400000,1342,0.074044,1223.4995721690,192.6788974954
255503,19.9681179000,1343,0.074044,1223.4995721690,192.6788974954
255614,19.9777252000,1344,0.074044,1223.4995721690,192.6788974954
255725,19.9859417000,1345,0.074043,1223.4995721690,192.6788974954
255836,19.9941687000,1346,0.074043,1223.4995721690,192.6788974954
255947,20.0021549000,1347,0.074042,1223.4995721690,192.6788974954
256058,20.0100337000,1348,0.073971,1223.4995721690,192.3814564142
256169,20.0185337000,1349,0.073971,1223.4995721690,192.3814564142
256279,20.0274849000,1350,0.073970,1223.4995721690,192.3814564142
256389,20.0360860000,1351,0.073970,1223.4995721690,192.3814564142
256499,20.0446367000,1352,0.073970,1223.4995721690,192.3814564142
256609,20.0530246000,1353,0.073970,1223.4995721690,192.3814564142
256719,20.0610599000,1354,0.073970,1223.4995721690,192.3814564142
256829,20.0695272000,1355,0.073970,1223.4995721690,192.3814564142
256939,20.0774461000,1356,0.073970,1223.4995721690,192.3814564142
257049,20.0852936000,1357,0.073970,1223.4995721690,192.3814564142
257159,20.0930106000,1358,0.073970,1223.4995721690,192.3814564142
257269,20.1008958000,1359,0.073970,1223.4995721690,192.3814564142
257379,20.1093236000,1360,0.073970,1223.4995721690,192.3814564142
257489,20.1175801000,1361,0.073970,1223.4995721690,192.3814564142
257598,20.1254046000,1362,0.073970,1223.4995721690,192.3814564142
257707,20.1332081000,1363,0.073970,1223.4995721690,192.3814564142
257816,20.1409457000,1364,0.073970,1223.4995721690,192.3814564142
257925,20.1488122000,1365,0.073970,1223.4995721690,192.3814564142
258034,20.1576487000,1366,0.073970,1223.4995721690,192.3814564142
258143,20.1666768000,1367,0.073970,1223.4995721690,192.3814564142
258252,20.1749327000,1368,0.073970,1223.4995721690,192.3814564142
258361,20.1830535000,1369,0.073970,1223.4995721690,192.3814564142
258470,20.1909456000,1370,0.073970,1223.4995721690,192.3814564142
258579,20.1989442000,1371,0.073970,1223.4995721690,192.3814564142
258688,20.2073794000,1372,0.073970,1223.4995721690,192.3814564142
258797,20.2157372000,1373,0.073958,1223.4995721690,192.3195879897
258905,20.2244427000,1374,0.073958,1223.4995721690,192.3195879897
259013,20.2326622000,1375,0.073958,1223.4995721690,192.3195879897
259121,20.2404346000,1376,0.073958,1223.4995721690,192.3195879897
259229,20.2489018000,1377,0.073933,1223.4995721690,192.2142462741
259337,20.2575020000,1378,0.073933,1223.4995721690,192.2142462741
259445,20.2658378000,1379,0.073933,1223.4995721690,192.2142462741
259553,20.2740361000,1380,0.073908,1223.4995721690,192.1101040727
259661,20.2824487000,1381,0.073908,1223.4995721690,192.1101040727
259769,20.2906423000,1382,0.073907,1223.4995721690,192.1101040727
259877,20.2990704000,1383,0.073907,1223.4995721690,192.1101040727
259985,20.3078391000,1384,0.073899,1223.4995721690,192.0760713795
260093,20.3163768000,1385,0.073898,1223.4995721690,192.0760713795
260201,20.3246528000,1386,0.073898,1223.4995721690,192.0760713795
260308,20.3323630000,1387,0.073898,1223.4995721690,192.0760713795
260415,20.3407897000,1388,0.073897,1223.4995721690,192.0760713795
260522,20.3493883000,1389,0.073857,1223.4995721690,191.9097632844
260629,20.3579161000,1390,0.073857,1223.4995721690,191.9097632844
260736,20.3658066000,1391,0.073857,1223.4995721690,191.9097632844
260843,20.3741138000,1392,0.073856,1223.4995721690,191.9097632844
260950,20.3824087000,1393,0.073856,1223.4995721690,191.9097632844
261057,20.3904238000,1394,0.073856,1223.4995721690,191.9097632844
261164,20.3981391000,1395,0.073855,1223.4995721690,191.9097632844
261271,20.4068345000,1396,0.073855,1223.4995721690,191.9097632844
261378,20.4145896000,1397,0.073855,1223.4995721690,191.9097632844
261485,20.4234534000,1398,0.073854,1223.4995721690,191.9097632844
261592,20.4318887000,1399,0.073854,1223.4995721690,191.9097632844
261698,20.4404019000,1400,0.073854,1223.4995721690,191.9097632844
261804,20.4488373000,1401,0.073853,1223.4995721690,191.9097632844
261910,20.4567551000,1402,0.073853,1223.4995721690,191.9097632844
262016,20.4650432000,1403,0.073852,1223.4995721690,191.9097632844
262122,20.4734804000,1404,0.073852,1223.4995721690,191.9097632844
262228,20.4819633000,1405,0.073795,1223.4995721690,191.6730648588
262334,20.4906115000,1406,0.073795,1223.4995721690,191.6730648588
262440,20.4985783000,1407,0.073795,1223.4995721690,191.6730648588
262546,20.5085770000,1408,0.073794,1223.4995721690,191.6730648588
262652,20.5163944000,1409,0.073794,1223.4995721690,191.6730648588
262758,20.5241747000,1410,0.073794,1223.4995721690,191.6730648588
262864,20.5320793000,1411,0.073794,1223.4995721690,191.6730648588
262969,20.5399796000,1412,0.073794,1223.4995721690,191.6730648588
263074,20.5481467000,1413,0.073794,1223.4995721690,191.6730648588
263179,20.5557434000,1414,0.073794,1223.4995721690,191.6730648588
263284,20.5634205000,1415,0.073794,1223.4995721690,191.6730648588
263389,20.5711079000,1416,0.073794,1223.4995721690,191.6730648588
263494,20.5789056000,1417,0.073794,1223.4995721690,191.6730648588
263599,20.5866009000,1418,0.073794,1223.4995721690,191.6730648588
263704,20.5944526000,1419,0.073794,1223.4995721690,191.6730648588
263809,20.6019971000,1420,0.073794,1223.4995721690,191.6730648588
263914,20.6098958000,1421,0.073794,1223.4995721690,191.6730648588
264019,20.6180402000,1422,0.073794,1223.4995721690,191.6730648588
264124,20.6266334000,1423,0.073794,1223.4995721690,191.6730648588
264229,20.6349090000,1424,0.073794,1223.4995721690,191.6730648588
264333,20.6431201000,1425,0.073794,1223.4995721690,191.6730648588
264437,20.6506275000,1426,0.073794,1223.4995721690,191.6730648588
264541,20.6583040000,1427,0.073794,1223.4995721690,191.6730648588
264645,20.6665021000,1428,0.073794,1223.4995721690,191.6730648588
264749,20.6748944000,1429,0.073794,1223.4995721690,191.6730648588
264853,20.6834199000,1430,0.073794,1223.4995721690,191.6730648588
264957,20.6911265000,1431,0.073794,1223.4995721690,191.6730648588
265061,20.6992479000,1432,0.073699,1223.4995721690,191.1490648588
265165,20.7075186000,1433,0.073699,1223.4995721690,191.1490648588
265269,20.7153135000,1434,0.073699,1223.4995721690,191.1490648588
265373,20.7235118000,1435,0.073699,1223.4995721690,191.1490648588
265477,20.7310105000,1436,0.073699,1223.4995721690,191.1490648588
265581,20.7384786000,1437,0.073699,1223.4995721690,191.1490648588
265684,20.7458265000,1438,0.073699,1223.4995721690,191.1490648588
265787,20.7532064000,1439,0.073699,1223.4995721690,191.1490648588
265890,20.7605621000,1440,0.073699,1223.4995721690,191.1490648588
265993,20.7690666000,1441,0.073699,1223.4995721690,191.1490648588
266096,20.7766007000,1442,0.073699,1223.4995721690,191.1490648588
266199,20.7841516000,1443,0.073699,1223.4995721690,191.1490648588
266302,20.7915290000,1444,0.073699,1223.4995721690,191.1490648588
266405,20.7989262000,1445,0.073699,1223.4995721690,191.1490648588
266508,20.8062599000,1446,0.073698,1223.4995721690,191.1490648588
266611,20.8141479000,1447,0.073698,1223.4995721690,191.1490648588
266714,20.8224129000,1448,0.073599,1223.4995721690,190.7380478821
266817,20.8302785000,1449,0.073598,1223.4995721690,190.7380478821
266920,20.8378547000,1450,0.073597,1223.4995721690,190.7380478821
267022,20.8462043000,1451,0.073596,1223.4995721690,190.7380478821
267124,20.8540610000,1452,0.073323,1208.7675721690,191.0221899316
267226,20.8619680000,1453,0.073322,1208.7675721690,191.0221899316
267328,20.8698593000,1454,0.073321,1208.7675721690,191.0221899316
267430,20.8775632000,1455,0.073321,1208.7675721690,191.0221899316
267532,20.8851374000,1456,0.073320,1208.7675721690,191.0221899316
267634,20.8929588000,1457,0.073319,1208.7675721690,191.0221899316
267736,20.9006586000,1458,0.073318,1208.7675721690,191.0221899316
267838,20.9085120000,1459,0.073317,1208.7675721690,191.0221899316
267940,20.9158666000,1460,0.072961,1208.7675721690,189.5266039423
268042,20.9231896000,1461,0.072960,1208.7675721690,189.5266039423
268144,20.9305190000,1462,0.072959,1208.7675721690,189.5266039423
268246,20.9377229000,1463,0.072958,1208.7675721690,189.5266039423
268347,20.9448600000,1464,0.072957,1208.7675721690,189.5266039423
268448,20.9532606000,1465,0.072956,1208.7675721690,189.5266039423
268549,20.9605162000,1466,0.072955,1208.7675721690,189.5266039423
268650,20.9677551000,1467,0.072955,1208.7675721690,189.5266039423
268751,20.9749291000,1468,0.072924,1208.7675721690,189.4027437602
268852,20.9821589000,1469,0.072923,1208.7675721690,189.4027437602
268953,20.9894516000,1470,0.072922,1208.7675721690,189.4027437602
269054,20.9966996000,1471,0.072904,1208.7675721690,189.3344857007
269155,21.0043348000,1472,0.072903,1208.7675721690,189.3344857007
269256,21.0117020000,1473,0.072889,1208.7675721690,189.2818942769
269357,21.0193931000,1474,0.072888,1208.7675721690,189.2818942769
269458,21.0267701000,1475,0.072887,1208.7675721690,189.2818942769
269559,21.0338922000,1476,0.072886,1208.7675721690,189.2818942769
269660,21.0409476000,1477,0.072885,1208.7675721690,189.2818942769
269760,21.0489374000,1478,0.072884,1208.7675721690,189.2818942769
269860,21.0566751000,1479,0.072883,1208.7675721690,189.2818942769
269960,21.0641483000,1480,0.072881,1208.7675721690,189.2818942769
270060,21.0721506000,1481,0.072880,1208.7675721690,189.2818942769
270160,21.0799174000,1482,0.072879,1208.7675721690,189.2818942769
270260,21.0876653000,1483,0.072878,1208.7675721690,189.2818942769
270360,21.0953528000,1484,0.072877,1208.7675721690,189.2818942769
270460,21.1030544000,1485,0.072876,1208.7675721690,189.2818942769
270560,21.1108763000,1486,0.072838,1208.7675721690,189.1282906185
270660,21.1183428000,1487,0.072837,1208.7675721690,189.1282906185
270760,21.1259056000,1488,0.072835,1208.7675721690,189.1249034295
270860,21.1335247000,1489,0.072834,1208.7675721690,189.1249034295
270960,21.1417354000,1490,0.072833,1208.7675721690,189.1249034295
271059,21.1495175000,1491,0.072831,1208.7675721690,189.1249034295
271158,21.1566673000,1492,0.072830,1208.7675721690,189.1249034295
271257,21.1639548000,1493,0.072829,1208.7675721690,189.1249034295
271356,21.1712283000,1494,0.072828,1208.7675721690,189.1249034295
271455,21.1784407000,1495,0.072827,1208.7675721690,189.1249034295
271554,21.1865404000,1496,0.072826,1208.7675721690,189.1249034295
271653,21.1945415000,1497,0.072790,1208.7675721690,188.9776359676
271752,21.2023141000,1498,0.072790,1208.7675721690,188.9776359676
271851,21.2096230000,1499,0.072790,1208.7675721690,188.9776359676
271950,21.2167609000,1500,0.072790,1208.7675721690,188.9776359676
272049,21.2238083000,1501,0.072790,1208.7675721690,188.9776359676
272148,21.2311263000,1502,0.072639,1208.7675721690,188.3437427954
272247,21.2391731000,1503,0.072639,1208.7675721690,188.3437427954
272346,21.2464899000,1504,0.072639,1208.7675721690,188.3437427954
272444,21.2535853000,1505,0.072639,1208.7675721690,188.3437427954
272542,21.2615875000,1506,0.072638,1208.7675721690,188.3437427954
272640,21.2692944000,1507,0.072638,1208.7675721690,188.3437427954
272738,21.2768217000,1508,0.072638,1208.7675721690,188.3437427954
272836,21.2848369000,1509,0.072638,1208.7675721690,188.3437427954
272934,21.2926785000,1510,0.072638,1208.7675721690,188.3437427954
273032,21.3002729000,1511,0.072638,1208.7675721690,188.3437427954
273130,21.3079571000,1512,0.072638,1208.7675721690,188.3437427954
273228,21.3157704000,1513,0.072637,1208.7675721690,188.3437427954
273326,21.3235284000,1514,0.072637,1208.7675721690,188.3437427954
273424,21.3310437000,1515,0.072637,1208.7675721690,188.3437427954
273522,21.3386175000,1516,0.072637,1208.7675721690,188.3437427954
273620,21.3455726000,1517,0.072637,1208.7675721690,188.3437427954
273718,21.3525370000,1518,0.072637,1208.7675721690,188.3437427954
273815,21.3594948000,1519,0.072637,1208.7675721690,188.3437427954
273912,21.3665225000,1520,0.072637,1208.7675721690,188.3437427954
274009,21.3741620000,1521,0.072636,1208.7675721690,188.3437427954
274106,21.3815231000,1522,0.072636,1208.7675721690,188.3437427954
274203,21.3888175000,1523,0.072636,1208.7675721690,188.3437427954
274300,21.3960679000,1524,0.072636,1208.7675721690,188.3437427954
274397,21.4036586000,1525,0.072636,1208.7675721690,188.3437427954
274494,21.4107651000,1526,0.072636,1208.7675721690,188.3437427954
274591,21.4183535000,1527,0.072636,1208.7675721690,188.3437427954
274688,21.4262943000,1528,0.072636,1208.7675721690,188.3437427954
274785,21.4339222000,1529,0.072636,1208.7675721690,188.3437427954
274882,21.4411616000,1530,0.072617,1208.7675721690,188.2652750994
274979,21.4484837000,1531,0.072617,1208.7675721690,188.2652750994
275076,21.4554875000,1532,0.072617,1208.7675721690,188.2652750994
275172,21.4629626000,1533,0.072615,1208.7675721690,188.2592540543
275268,21.4699455000,1534,0.072615,1208.7675721690,188.2592540543
275364,21.4769532000,1535,0.072615,1208.7675721690,188.2592540543
275460,21.4838238000,1536,0.072615,1208.7675721690,188.2592540543
275556,21.4906197000,1537,0.072615,1208.7675721690,188.2592540543
275652,21.4974395000,1538,0.072604,1208.7675721690,188.2121678125
275748,21.5046974000,1539,0.072604,1208.7675721690,188.2121678125
275844,21.5128728000,1540,0.072604,1208.7675721690,188.2121678125
275940,21.5197867000,1541,0.072604,1208.7675721690,188.2121678125
276036,21.5267735000,1542,0.072604,1208.7675721690,188.2121678125
276132,21.5336477000,1543,0.072604,1208.7675721690,188.2121678125
276228,21.5416888000,1544,0.072603,1208.7675721690,188.2121678125
276324,21.5486056000,1545,0.072603,1208.7675721690,188.2121678125
276420,21.5556814000,1546,0.072603,1208.7675721690,188.2121678125
276515,21.5625390000,1547,0.072603,1208.7675721690,188.2121678125
276610,21.5693122000,1548,0.072603,1208.7675721690,188.2121678125
276705,21.5761037000,1549,0.072603,1208.7675721690,188.2121678125
276800,21.5829254000,1550,0.072603,1208.7675721690,188.2121678125
276895,21.5896265000,1551,0.072603,1208.7675721690,188.2121678125
276990,21.5963440000,1552,0.072600,1208.7675721690,188.1997745583
277085,21.6030145000,1553,0.072433,1208.7675721690,187.4958423719
277180,21.6102209000,1554,0.072433,1208.7675721690,187.4958423719
277275,21.6177548000,1555,0.072432,1208.7675721690,187.4958423719
277370,21.6248068000,1556,0.072431,1208.7675721690,187.4958423719
277465,21.6321974000,1557,0.072430,1208.7675721690,187.4958423719
277560,21.6394652000,1558,0.072429,1208.7675721690,187.4958423719
277655,21.6476914000,1559,0.072390,1208.7675721690,187.3338634872
277750,21.6553800000,1560,0.072388,1208.7675721690,187.3326307400
277844,21.6631240000,1561,0.072387,1208.7675721690,187.3326307400
277938,21.6702508000,1562,0.072386,1208.7675721690,187.3326307400
278032,21.6781662000,1563,0.072385,1208.7675721690,187.3326307400
278126,21.6853282000,1564,0.072384,1208.7675721690,187.3326307400
278220,21.6930825000,1565,0.072383,1208.7675721690,187.3326307400
278314,21.7012131000,1566,0.072382,1208.7675721690,187.3326307400
278408,21.7088084000,1567,0.072381,1208.7675721690,187.3326307400
278502,21.7165061000,1568,0.071679,1208.7675721690,184.3841740143
278596,21.7237366000,1569,0.071678,1208.7675721690,184.3841740143
278690,21.7303719000,1570,0.071677,1208.7675721690,184.3841740143
278784,21.7369660000,1571,0.071648,1208.7675721690,184.2659743142
278878,21.7441774000,1572,0.071647,1208.7675721690,184.2659743142
278972,21.7514427000,1573,0.071588,1208.7675721690,184.0197812704
279066,21.7585872000,1574,0.071587,1208.7675721690,184.0197812704
279159,21.7654468000,1575,0.071586,1208.7675721690,184.0197812704
279252,21.7721844000,1576,0.071585,1208.7675721690,184.0197812704
279345,21.7794081000,1577,0.071583,1208.7675721690,184.0197812704
279438,21.7865690000,1578,0.071582,1208.7675721690,184.0197812704
279531,21.7936534000,1579,0.071581,1208.7675721690,184.0197812704
279624,21.8011542000,1580,0.071580,1208.7675721690,184.0197812704
279717,21.8084508000,1581,0.071579,1208.7675721690,184.0197812704
279810,21.8156000000,1582,0.071578,1208.7675721690,184.0197812704
279903,21.8225295000,1583,0.071577,1208.7675721690,184.0197812704
279996,21.8299435000,1584,0.071576,1208.7675721690,184.0197812704
280089,21.8369892000,1585,0.071575,1208.7675721690,184.0197812704
280182,21.8440795000,1586,0.071574,1208.7675721690,184.0197812704
280275,21.8515555000,1587,0.071573,1208.7675721690,184.0197812704
280368,21.8582964000,1588,0.071572,1208.7675721690,184.0197812704
280461,21.8650257000,1589,0.071571,1208.7675721690,184.0197812704
280553,21.8715815000,1590,0.071570,1208.7675721690,184.0197812704
280645,21.8781524000,1591,0.071569,1208.7675721690,184.0197812704
280737,21.8852767000,1592,0.071568,1208.7675721690,184.0197812704
280829,21.8921447000,1593,0.071567,1208.7675721690,184.0197812704
280921,21.8993420000,1594,0.071566,1208.7675721690,184.0197812704
281013,21.9058756000,1595,0.071565,1208.7675721690,184.0197812704
281105,21.9125795000,1596,0.071564,1208.7675721690,184.0197812704
281197,21.9197086000,1597,0.071563,1208.7675721690,184.0197812704
281289,21.9270452000,1598,0.071562,1208.7675721690,184.0197812704
281381,21.9346290000,1599,0.071560,1208.7675721690,184.0197812704
281473,21.9415928000,1600,0.071559,1208.7675721690,184.0197812704
281565,21.9491429000,1601,0.071558,1208.7675721690,184.0197812704
281657,21.9562639000,1602,0.071496,1208.7675721690,183.7598274053
281749,21.9635429000,1603,0.071494,1208.7675721690,183.7598274053
281841,21.9707712000,1604,0.071493,1208.7675721690,183.7598274053
281932,21.9778935000,1605,0.071492,1208.7675721690,183.7598274053
282023,21.9851753000,1606,0.071491,1208.7675721690,183.7598274053
282114,21.9921539000,1607,0.071480,1208.7675721690,183.7185744408
282205,21.9989032000,1608,0.071479,1208.7675721690,183.7185744408
282296,22.0060338000,1609,0.070964,1208.7675721690,181.5532318192
282387,22.0128794000,1610,0.070963,1208.7675721690,181.5532318192
282478,22.0195666000,1611,0.070962,1208.7675721690,181.5532318192
282569,22.0265250000,1612,0.070961,1208.7675721690,181.5532318192
282660,22.0337814000,1613,0.070960,1208.7675721690,181.5532318192
282751,22.0410157000,1614,0.070959,1208.7675721690,181.5532318192
282842,22.0481205000,1615,0.070959,1208.7675721690,181.5532318192
282933,22.0547518000,1616,0.070959,1208.7675721690,181.5532318192
283024,22.0619962000,1617,0.070959,1208.7675721690,181.5532318192
283115,22.0699452000,1618,0.070959,1208.7675721690,181.5532318192
283205,22.0766024000,1619,0.070959,1208.7675721690,181.5532318192
283295,22.0835320000,1620,0.070959,1208.7675721690,181.5532318192
283385,22.0902110000,1621,0.070959,1208.7675721690,181.5532318192
283475,22.0966218000,1622,0.070959,1208.7675721690,181.5532318192
283565,22.1035736000,1623,0.070959,1208.7675721690,181.5532318192
283655,22.1099059000,1624,0.070940,1208.7675721690,181.4655240886
283745,22.1167335000,1625,0.070940,1208.7675721690,181.4655240886
283835,22.1237549000,1626,0.070940,1208.7675721690,181.4655240886
283925,22.1307620000,1627,0.070940,1208.7675721690,181.4655240886
284015,22.1377251000,1628,0.070940,1208.7675721690,181.4655240886
284105,22.1447788000,1629,0.070940,1208.7675721690,181.4655240886
284195,22.1515117000,1630,0.070940,1208.7675721690,181.4655240886
284285,22.1582912000,1631,0.070940,1208.7675721690,181.4655240886
284375,22.1654261000,1632,0.070940,1208.7675721690,181.4655240886
284465,22.1720810000,1633,0.070940,1208.7675721690,181.4655240886
284554,22.1792185000,1634,0.070940,1208.7675721690,181.4655240886
284643,22.1862344000,1635,0.070940,1208.7675721690,181.4655240886
284732,22.1929800000,1636,0.070940,1208.7675721690,181.4655240886
284821,22.1996403000,1637,0.070931,1208.7675721690,181.4200889101
284910,22.2062524000,1638,0.070931,1208.7675721690,181.4200889101
284999,22.2139016000,1639,0.070931,1208.7675721690,181.4200889101
285088,22.2205837000,1640,0.070931,1208.7675721690,181.4200889101
285177,22.2270752000,1641,0.070931,1208.7675721690,181.4200889101
285266,22.2338299000,1642,0.070931,1208.7675721690,181.4200889101
285355,22.2402320000,1643,0.070931,1208.7675721690,181.4200889101
285444,22.2472051000,1644,0.070931,1208.7675721690,181.4200889101
285533,22.2541328000,1645,0.070931,1208.7675721690,181.4200889101
285622,22.2609351000,1646,0.070810,1208.7675721690,180.9020889101
285711,22.2674708000,1647,0.070810,1208.7675721690,180.9020889101
285800,22.2743435000,1648,0.070810,1208.7675721690,180.9020889101
285889,22.2812455000,1649,0.070810,1208.7675721690,180.9020889101
285977,22.2889272000,1650,0.070808,1208.7675721690,180.8806374255
286065,22.2957359000,1651,0.070808,1208.7675721690,180.8806374255
286153,22.3034204000,1652,0.070808,1208.7675721690,180.8806374255
286241,22.3104088000,1653,0.070808,1208.7675721690,180.8806374255
286329,22.3172881000,1654,0.070808,1208.7675721690,180.8806374255
286417,22.3238515000,1655,0.070808,1208.7675721690,180.8806374255
286505,22.3303187000,1656,0.070808,1208.7675721690,180.8806374255
286593,22.3368607000,1657,0.070808,1208.7675721690,180.8806374255
286681,22.3440510000,1658,0.070808,1208.7675721690,180.8746153078
286769,22.3510078000,1659,0.070808,1208.7675721690,180.8746153078
286857,22.3581073000,1660,0.070776,1208.7675721690,180.7215726941
286945,22.3645996000,1661,0.070689,1207.2555721690,180.4967292019
287033,22.3708508000,1662,0.070689,1207.2555721690,180.4967292019
287121,22.3771132000,1663,0.070689,1207.2555721690,180.4967292019
287209,22.3834142000,1664,0.070689,1207.2555721690,180.4967292019
287296,22.3901782000,1665,0.070689,1207.2555721690,180.4967292019
287383,22.3971461000,1666,0.070668,1207.2555721690,180.3974161369
287470,22.4039925000,1667,0.070668,1207.2555721690,180.3974161369
287557,22.4101839000,1668,0.070668,1207.2555721690,180.3974161369
287644,22.4169632000,1669,0.070668,1207.2555721690,180.3974161369
287731,22.4233994000,1670,0.070668,1207.2555721690,180.3974161369
287818,22.4297496000,1671,0.070668,1207.2555721690,180.3974161369
287905,22.4360179000,1672,0.070668,1207.2555721690,180.3974161369
287992,22.4431122000,1673,0.070668,1207.2555721690,180.3974161369
288079,22.4497104000,1674,0.070668,1207.2555721690,180.3967622817
288166,22.4559460000,1675,0.070668,1207.2555721690,180.3967622817
288253,22.4620837000,1676,0.070668,1207.2555721690,180.3933199881
288340,22.4685281000,1677,0.070667,1207.2555721690,180.3933199881
288427,22.4751238000,1678,0.070666,1207.2555721690,180.3933199881
288514,22.4821053000,1679,0.070666,1207.2555721690,180.3933199881
288600,22.4887474000,1680,0.070665,1207.2555721690,180.3933199881
288686,22.4960767000,1681,0.070664,1207.2555721690,180.3933199881
288772,22.5029920000,1682,0.070663,1207.2555721690,180.3933199881
288858,22.5094451000,1683,0.070662,1207.2555721690,180.3933199881
288944,22.5159520000,1684,0.070662,1207.2555721690,180.3933199881
289030,22.5222462000,1685,0.070661,1207.2555721690,180.3933199881
289116,22.5290694000,1686,0.070660,1207.2555721690,180.3933199881
289202,22.5355993000,1687,0.070659,1207.2555721690,180.3902559265
289288,22.5424691000,1688,0.070658,1207.2555721690,180.3902559265
289374,22.5492284000,1689,0.070657,1207.2555721690,180.3902559265
289460,22.5556771000,1690,0.070656,1207.2555721690,180.3902559265
289546,22.5618492000,1691,0.070655,1207.2555721690,180.3902559265
289632,22.5679598000,1692,0.070655,1207.2555721690,180.3902559265
289718,22.5740274000,1693,0.070654,1207.2555721690,180.3902559265
289804,22.5803880000,1694,0.070653,1207.2555721690,180.3902559265
289890,22.5871263000,1695,0.070652,1207.2555721690,180.3902559265
289975,22.5932204000,1696,0.070651,1207.2555721690,180.3902559265
290060,22.5993763000,1697,0.070651,1207.2555721690,180.3902559265
290145,22.6054723000,1698,0.070650,1207.2555721690,180.3902559265
290230,22.6116733000,1699,0.070649,1207.2555721690,180.3902559265
290315,22.6177397000,1700,0.070648,1207.2555721690,180.3902559265
290400,22.6238296000,1701,0.070647,1207.2555721690,180.3902559265
290485,22.6305277000,1702,0.070647,1207.2555721690,180.3902559265
290570,22.6368910000,1703,0.070646,1207.2555721690,180.3902559265
290655,22.6435398000,1704,0.070645,1207.2555721690,180.3902559265
290740,22.6500593000,1705,0.070644,1207.2555721690,180.3902559265
290825,22.6564632000,1706,0.070644,1207.2555721690,180.3902559265
290910,22.6624184000,1707,0.070643,1207.2555721690,180.3902559265
290995,22.6684507000,1708,0.070642,1207.2555721690,180.3902559265
291080,22.6750041000,1709,0.070641,1207.2555721690,180.3902559265
291165,22.6820854000,1710,0.070640,1207.2555721690,180.3902559265
291250,22.6883824000,1711,0.070636,1207.2555721690,180.3762281577
291334,22.6951550000,1712,0.070613,1207.2555721690,180.2812702450
291418,22.7021925000,1713,0.070612,1207.2555721690,180.2812702450
291502,22.7088818000,1714,0.070611,1207.2555721690,180.2812702450
291586,22.7154837000,1715,0.070499,1207.2555721690,179.8110143462
291670,22.7220986000,1716,0.070498,1207.2555721690,179.8110143462
291754,22.7288372000,1717,0.070497,1207.2555721690,179.8110143462
291838,22.7353991000,1718,0.070496,1207.2555721690,179.8110143462
291922,22.7421973000,1719,0.070496,1207.2555721690,179.8110143462
292006,22.7487761000,1720,0.070495,1207.2555721690,179.8110143462
292090,22.7550160000,1721,0.070494,1207.2555721690,179.8110143462
292174,22.7615220000,1722,0.070493,1207.2555721690,179.8110143462
292258,22.7681097000,1723,0.070492,1207.2555721690,179.8110143462
292342,22.7748755000,1724,0.070353,1207.2555721690,179.2270117529
292426,22.7813876000,1725,0.070352,1207.2555721690,179.2270117529
292510,22.7878729000,1726,0.070262,1201.5835462698,179.4017362783
292594,22.7944090000,1727,0.070261,1201.5835462698,179.4017362783
292677,22.8011190000,1728,0.070261,1201.5835462698,179.4017362783
292760,22.8076058000,1729,0.070260,1201.5835462698,179.4017362783
292843,22.8141932000,1730,0.070259,1201.5835462698,179.4017362783
292926,22.8207600000,1731,0.070258,1201.5835462698,179.4017362783
293009,22.8270755000,1732,0.070256,1201.5835462698,179.4017362783
293092,22.8338623000,1733,0.070253,1201.5835462698,179.4017362783
293175,22.8403443000,1734,0.070251,1201.5835462698,179.4017362783
293258,22.8468358000,1735,0.070248,1201.5835462698,179.4017362783
293341,22.8535548000,1736,0.070246,1201.5835462698,179.4017362783
293424,22.8602978000,1737,0.070149,1201.5835462698,179.0055296626
293507,22.8670881000,1738,0.070147,1201.5835462698,179.0055296626
293590,22.8739272000,1739,0.070145,1201.5835462698,179.0055296626
293673,22.8804192000,1740,0.070142,1201.5835462698,179.0055296626
293756,22.8866940000,1741,0.070140,1201.5835462698,179.0055296626
293839,22.8926450000,1742,0.070137,1201.5835462698,179.0055296626
293922,22.8997536000,1743,0.070135,1201.5835462698,179.0055296626
294004,22.9060467000,1744,0.070132,1201.5835462698,179.0055296626
294086,22.9128513000,1745,0.070130,1201.5835462698,179.0055296626
294168,22.9195319000,1746,0.070128,1201.5835462698,179.0055296626
294250,22.9257944000,1747,0.070125,1201.5835462698,179.0055296626
294332,22.9323353000,1748,0.070123,1201.5835462698,179.0055296626
294414,22.9389992000,1749,0.070118,1201.5835462698,178.9970298681
294496,22.9458374000,1750,0.070116,1201.5835462698,178.9970298681
294578,22.9524065000,1751,0.070113,1201.5835462698,178.9970298681
294660,22.9585037000,1752,0.070111,1201.5835462698,178.9970298681
294742,22.9647211000,1753,0.070109,1201.5835462698,178.9970298681
294824,22.9706318000,1754,0.070106,1201.5835462698,178.9970298681
294906,22.9765879000,1755,0.070104,1201.5835462698,178.9970298681
294988,22.9829259000,1756,0.070101,1201.5835462698,178.9970298681
295070,22.9890454000,1757,0.070099,1201.5835462698,178.9970298681
295152,22.9955891000,1758,0.070096,1201.5835462698,178.9970298681
295234,23.0020532000,1759,0.070094,1201.5835462698,178.9970298681
295316,23.0082428000,1760,0.070091,1201.5835462698,178.9970298681
295397,23.0143028000,1761,0.070090,1201.5835462698,178.9970298681
295478,23.0206716000,1762,0.070090,1201.5835462698,178.9970298681
295559,23.0268707000,1763,0.070089,1201.5835462698,178.9970298681
295640,23.0330752000,1764,0.070088,1201.5835462698,178.9970298681
295721,23.0391785000,1765,0.070087,1201.5835462698,178.9970298681
295802,23.0457411000,1766,0.070087,1201.5835462698,178.9970298681
295883,23.0518272000,1767,0.070086,1201.5835462698,178.9970298681
295964,23.0581020000,1768,0.070085,1201.5835462698,178.9970298681
296045,23.0639425000,1769,0.070084,1201.5835462698,178.9970298681
296126,23.0697505000,1770,0.070083,1201.5835462698,178.9970298681
296207,23.0755664000,1771,0.070083,1201.5835462698,178.9970298681
296288,23.0813583000,1772,0.070082,1201.5835462698,178.9970298681
296369,23.0872729000,1773,0.070081,1201.5835462698,178.9970298681
296450,23.0932376000,1774,0.070080,1201.5835462698,178.9970298681
296531,23.0991601000,1775,0.070080,1201.5835462698,178.9970298681
296612,23.1052746000,1776,0.070077,1201.5835462698,178.9917387659
296693,23.1112743000,1777,0.070077,1201.5835462698,178.9917387659
296773,23.1170823000,1778,0.070076,1201.5835462698,178.9917387659
296853,23.1232418000,1779,0.070075,1201.5835462698,178.9917387659
296933,23.1290823000,1780,0.070074,1201.5835462698,178.9917387659
297013,23.1350564000,1781,0.070074,1201.5835462698,178.9917387659
297093,23.1415008000,1782,0.070073,1201.5835462698,178.9917387659
297173,23.1474506000,1783,0.070072,1201.5835462698,178.9917387659
297253,23.1533696000,1784,0.070071,1201.5835462698,178.9917387659
297333,23.1590370000,1785,0.070070,1201.5835462698,178.9917387659
297413,23.1647268000,1786,0.070070,1201.5835462698,178.9917387659
297493,23.1705103000,1787,0.070069,1201.5835462698,178.9917387659
297573,23.1761162000,1788,0.070068,1201.5835462698,178.9917387659
297653,23.1831613000,1789,0.070063,1201.5835462698,178.9741841019
297733,23.1896168000,1790,0.070063,1201.5835462698,178.9741841019
297813,23.1963067000,1791,0.070062,1201.5835462698,178.9741841019
297893,23.2029096000,1792,0.070061,1201.5835462698,178.9741841019
297973,23.2091288000,1793,0.070061,1201.5835462698,178.9741841019
298052,23.2155434000,1794,0.070060,1201.5835462698,178.9741841019
298131,23.2216140000,1795,0.070060,1201.5835462698,178.9741841019
298210,23.2282690000,1796,0.070059,1201.5835462698,178.9741841019
298289,23.2343553000,1797,0.070059,1201.5835462698,178.9741841019
298368,23.2407642000,1798,0.070058,1201.5835462698,178.9741841019
298447,23.2470028000,1799,0.070057,1201.5835462698,178.9741841019
298526,23.2534032000,1800,0.070057,1201.5835462698,178.9741841019
298605,23.2597379000,1801,0.070056,1201.5835462698,178.9741841019
298684,23.2657770000,1802,0.070056,1201.5835462698,178.9741841019
298763,23.2713251000,1803,0.070055,1201.5835462698,178.9741841019
298842,23.2771388000,1804,0.070055,1201.5835462698,178.9741841019
298921,23.2842248000,1805,0.070054,1201.5835462698,178.9741841019
299000,23.2902221000,1806,0.070054,1201.5835462698,178.9741841019
299079,23.2962078000,1807,0.070053,1201.5835462698,178.9741841019
299158,23.3024985000,1808,0.070052,1201.5835462698,178.9741841019
299237,23.3083038000,1809,0.070052,1201.5835462698,178.9741841019
299316,23.3142141000,1810,0.070051,1201.5835462698,178.9741841019
299395,23.3203944000,1811,0.070051,1201.5835462698,178.9741841019
299473,23.3264421000,1812,0.070050,1201.5835462698,178.9741841019
299551,23.3325745000,1813,0.070050,1201.5835462698,178.9741841019
299629,23.3387770000,1814,0.070049,1201.5835462698,178.9741841019
299707,23.3448909000,1815,0.070048,1201.5835462698,178.9741841019
299785,23.3505805000,1816,0.070048,1201.5835462698,178.9741841019
299863,23.3565779000,1817,0.070047,1201.5835462698,178.9741841019
299941,23.3620504000,1818,0.070047,1201.5835462698,178.9741841019
300019,23.3678734000,1819,0.070046,1201.5835462698,178.9741841019
300097,23.3739909000,1820,0.070022,1201.5835462698,178.8694317895
300175,23.3799850000,1821,0.070022,1201.5835462698,178.8694317895
300253,23.3860994000,1822,0.070022,1201.5835462698,178.8694317895
300331,23.3918300000,1823,0.070022,1201.5835462698,178.8694317895
300409,23.3975336000,1824,0.070012,1201.5835462698,178.8256169803
300487,23.4035853000,1825,0.070012,1201.5835462698,178.8256169803
300565,23.4092859000,1826,0.070005,1201.5835462698,178.7949834426
300643,23.4150818000,1827,0.070005,1201.5835462698,178.7949834426
300721,23.4210846000,1828,0.070005,1201.5835462698,178.7949834426
300798,23.4272651000,1829,0.070005,1201.5835462698,178.7949834426
300875,23.4330745000,1830,0.069998,1201.5835462698,178.7650522315
300952,23.4388355000,1831,0.069998,1201.5835462698,178.7650522315
301029,23.4447732000,1832,0.069998,1201.5835462698,178.7650522315
301106,23.4504155000,1833,0.069998,1201.5835462698,178.7650522315
301183,23.4559786000,1834,0.069998,1201.5835462698,178.7650522315
301260,23.4616582000,1835,0.069998,1201.5835462698,178.7650522315
301337,23.4677876000,1836,0.069998,1201.5835462698,178.7650522315
301414,23.4739353000,1837,0.069998,1201.5835462698,178.7650522315
301491,23.4799124000,1838,0.069998,1201.5835462698,178.7650522315
301568,23.4854507000,1839,0.069998,1201.5835462698,178.7650522315
301645,23.4909795000,1840,0.069978,1201.5835462698,178.6709491454
301722,23.4969480000,1841,0.069978,1201.5835462698,178.6709491454
301799,23.5026688000,1842,0.069978,1201.5835462698,178.6709491454
301876,23.5086580000,1843,0.069978,1201.5835462698,178.6709491454
301953,23.5146086000,1844,0.069978,1201.5835462698,178.6709491454
302030,23.5206118000,1845,0.069978,1201.5835462698,178.6709491454
302106,23.5266019000,1846,0.069978,1201.5835462698,178.6709491454
302182,23.5322483000,1847,0.069978,1201.5835462698,178.6709491454
302258,23.5377707000,1848,0.069978,1201.5835462698,178.6709491454
302334,23.5432381000,1849,0.069978,1201.5835462698,178.6709491454
302410,23.5486635000,1850,0.069978,1201.5835462698,178.6709491454
302486,23.5540168000,1851,0.069978,1201.5835462698,178.6709491454
302562,23.5600243000,1852,0.069978,1201.5835462698,178.6709491454
302638,23.5656082000,1853,0.069978,1201.5835462698,178.6709491454
302714,23.5712551000,1854,0.069978,1201.5835462698,178.6709491454
302790,23.5766944000,1855,0.069977,1201.5835462698,178.6709491454
302866,23.5821113000,1856,0.069977,1201.5835462698,178.6709491454
302942,23.5876859000,1857,0.069977,1201.5835462698,178.6709491454
303018,23.5930929000,1858,0.069977,1201.5835462698,178.6709491454
303094,23.5985015000,1859,0.069977,1201.5835462698,178.6709491454
303170,23.6038415000,1860,0.069976,1201.5835462698,178.6709491454
303246,23.6094051000,1861,0.069976,1201.5835462698,178.6709491454
303322,23.6148616000,1862,0.069976,1201.5835462698,178.6709491454
303398,23.6203977000,1863,0.069976,1201.5835462698,178.6709491454
303473,23.6259606000,1864,0.069975,1201.5835462698,178.6709491454
303548,23.6312468000,1865,0.069975,1201.5835462698,178.6709491454
303623,23.6370907000,1866,0.069975,1201.5835462698,178.6709491454
303698,23.6430810000,1867,0.069975,1201.5835462698,178.6709491454
303773,23.6486964000,1868,0.069975,1201.5835462698,178.6709491454
303848,23.6548178000,1869,0.069974,1201.5835462698,178.6709491454
303923,23.6603355000,1870,0.069974,1201.5835462698,178.6709491454
303998,23.6660625000,1871,0.069974,1201.5835462698,178.6709491454
304073,23.6715932000,1872,0.069974,1201.5835462698,178.6709491454
304148,23.6772383000,1873,0.069974,1201.5835462698,178.6709491454
304223,23.6837394000,1874,0.069973,1201.5835462698,178.6709491454
304298,23.6891515000,1875,0.069973,1201.5835462698,178.6709491454
304373,23.6948416000,1876,0.069973,1201.5835462698,178.6709491454
304448,23.7009945000,1877,0.069973,1201.5835462698,178.6709491454
304523,23.7070226000,1878,0.069972,1201.5835462698,178.6709491454
304598,23.7126821000,1879,0.069972,1201.5835462698,178.6709491454
304673,23.7185329000,1880,0.069972,1201.5835462698,178.6709491454
304748,23.7246702000,1881,0.069945,1201.5835462698,178.5572584978
304822,23.7305718000,1882,0.069945,1201.5835462698,178.5572584978
304896,23.7364141000,1883,0.069945,1201.5835462698,178.5572584978
304970,23.7418680000,1884,0.069945,1201.5835462698,178.5572584978
305044,23.7473063000,1885,0.069945,1201.5835462698,178.5572584978
305118,23.7535527000,1886,0.069945,1201.5835462698,178.5572584978
305192,23.7590812000,1887,0.069882,1201.5835462698,178.2918012453
305266,23.7644889000,1888,0.069882,1201.5835462698,178.2918012453
305340,23.7701137000,1889,0.069882,1201.5835462698,178.2918012453
305414,23.7756591000,1890,0.069882,1201.5835462698,178.2918012453
305488,23.7809566000,1891,0.069882,1201.5835462698,178.2918012453
305562,23.7869841000,1892,0.069882,1201.5835462698,178.2918012453
305636,23.7929349000,1893,0.069874,1201.5835462698,178.2570449191
305710,23.7992577000,1894,0.069874,1201.5835462698,178.2570449191
305784,23.8051574000,1895,0.069867,1201.5835462698,178.2303265840
305858,23.8107959000,1896,0.069867,1201.5835462698,178.2303265840
305932,23.8163643000,1897,0.069867,1201.5835462698,178.2303265840
306006,23.8223785000,1898,0.069867,1201.5835462698,178.2303265840
306080,23.8279958000,1899,0.069867,1201.5835462698,178.2303265840
306154,23.8334618000,1900,0.069794,1201.5835462698,177.9230271780
306227,23.8391358000,1901,0.069794,1201.5835462698,177.9230271780
306300,23.8450055000,1902,0.069794,1201.5835462698,177.9230271780
306373,23.8502420000,1903,0.069794,1201.5835462698,177.9230271780
306446,23.8555835000,1904,0.069794,1201.5835462698,177.9230271780
306519,23.8607447000,1905,0.069794,1201.5835462698,177.9230271780
306592,23.8659057000,1906,0.069794,1201.5835462698,177.9230271780
306665,23.8713005000,1907,0.069794,1201.5835462698,177.9230271780
306738,23.8765902000,1908,0.069794,1201.5835462698,177.9230271780
306811,23.8824000000,1909,0.069794,1201.5835462698,177.9230271780
306884,23.8878818000,1910,0.069794,1201.5835462698,177.9230271780
306957,23.8934890000,1911,0.069794,1201.5835462698,177.9230271780
307030,23.8994186000,1912,0.069794,1201.5835462698,177.9230271780
307103,23.9051358000,1913,0.069794,1201.5835462698,177.9230271780
307176,23.9112654000,1914,0.069794,1201.5835462698,177.9140863775
307249,23.9168878000,1915,0.069794,1201.5835462698,177.9140863775
307322,23.9221652000,1916,0.069794,1201.5835462698,177.9140863775
307395,23.9277736000,1917,0.069794,1201.5835462698,177.9105393250
307468,23.9336771000,1918,0.069787,1201.5835462698,177.8782387191
307540,23.9391570000,1919,0.069787,1201.5835462698,177.8782387191
307612,23.9450710000,1920,0.069787,1201.5835462698,177.8782387191
307684,23.9510798000,1921,0.069787,1201.5835462698,177.8782387191
307756,23.9566795000,1922,0.069787,1201.5835462698,177.8782387191
307828,23.9620534000,1923,0.069610,1201.5835462698,177.1225679529
307900,23.9677832000,1924,0.069610,1201.5835462698,177.1225679529
307972,23.9735206000,1925,0.069610,1201.5835462698,177.1225679529
308044,23.9791511000,1926,0.069610,1201.5835462698,177.1225679529
308116,23.9851122000,1927,0.069413,1274.5106992323,169.2114078529
308188,23.9909649000,1928,0.069413,1274.5106992323,169.2114078529
308260,23.9967945000,1929,0.069413,1274.5106992323,169.2114078529
308332,24.0026448000,1930,0.069413,1274.5106992323,169.2114078529
308404,24.0083989000,1931,0.069413,1274.5106992323,169.2114078529
308476,24.0139427000,1932,0.069413,1274.5106992323,169.2114078529
308548,24.0195033000,1933,0.069413,1274.5106992323,169.2114078529
308620,24.0250560000,1934,0.069413,1274.5106992323,169.2114078529
308692,24.0307233000,1935,0.069413,1274.5106992323,169.2114078529
308764,24.0366021000,1936,0.069413,1274.5106992323,169.2114078529
308836,24.0418827000,1937,0.069413,1274.5106992323,169.2114078529
308907,24.0472934000,1938,0.069130,1274.5106992323,168.0061713088
308978,24.0527209000,1939,0.069130,1274.5106992323,168.0061713088
309049,24.0580653000,1940,0.069130,1274.5106992323,168.0061713088
309120,24.0635436000,1941,0.069130,1274.5106992323,168.0061713088
309191,24.0692368000,1942,0.069129,1274.5106992323,168.0061713088
309262,24.0750823000,1943,0.069129,1274.5106992323,168.0061713088
309333,24.0809608000,1944,0.069129,1274.5106992323,168.0061713088
309404,24.0870867000,1945,0.069129,1274.5106992323,168.0061713088
309475,24.0924226000,1946,0.069129,1274.5106992323,168.0061713088
309546,24.0980600000,1947,0.069129,1274.5106992323,168.0061713088
309617,24.1031404000,1948,0.069128,1274.5106992323,168.0061713088
309688,24.1081926000,1949,0.069128,1274.5106992323,168.0061713088
309759,24.1132950000,1950,0.069126,1274.5106992323,167.9964503166
309830,24.1189941000,1951,0.069126,1274.5106992323,167.9964503166
309901,24.1247259000,1952,0.069125,1274.5106992323,167.9964503166
309972,24.1303439000,1953,0.069125,1274.5106992323,167.9964503166
310043,24.1358430000,1954,0.069125,1274.5106992323,167.9964503166
310114,24.1411446000,1955,0.069125,1274.5106992323,167.9964503166
310185,24.1470456000,1956,0.069125,1274.5106992323,167.9964503166
310255,24.1525339000,1957,0.069125,1274.5106992323,167.9964503166
310325,24.1576412000,1958,0.069125,1274.5106992323,167.9964503166
310395,24.1630569000,1959,0.069124,1274.5106992323,167.9964503166
310465,24.1684850000,1960,0.069124,1274.5106992323,167.9964503166
310535,24.1739872000,1961,0.069124,1274.5106992323,167.9964503166
310605,24.1791498000,1962,0.069090,1274.5106992323,167.8522102241
310675,24.1842299000,1963,0.069090,1274.5106992323,167.8522102241
310745,24.1894676000,1964,0.069089,1274.5106992323,167.8522102241
310815,24.1950859000,1965,0.069089,1274.5106992323,167.8522102241
310885,24.2004929000,1966,0.069089,1274.5106992323,167.8522102241
310955,24.2058017000,1967,0.069089,1274.5106992323,167.8522102241
311025,24.2116449000,1968,0.069089,1274.5106992323,167.8522102241
311095,24.2173346000,1969,0.069088,1274.5106992323,167.8522102241
311165,24.2232077000,1970,0.069088,1274.5106992323,167.8522102241
311235,24.2285774000,1971,0.069088,1274.5106992323,167.8522102241
311305,24.2339425000,1972,0.069088,1274.5106992323,167.8522102241
311375,24.2393205000,1973,0.069076,1274.5106992323,167.8017411624
311445,24.2447329000,1974,0.069075,1274.5106992323,167.8017411624
311515,24.2500026000,1975,0.069075,1274.5106992323,167.8017411624
311584,24.2553200000,1976,0.069075,1274.5106992323,167.8017411624
311653,24.2610106000,1977,0.069075,1274.5106992323,167.8017411624
311722,24.2665807000,1978,0.069075,1274.5106992323,167.8017411624
311791,24.2718888000,1979,0.069046,1274.5106992323,167.6815969211
311860,24.2773892000,1980,0.069046,1274.5106992323,167.6815969211
311929,24.2823643000,1981,0.069045,1274.5106992323,167.6815969211
311998,24.2874897000,1982,0.069045,1274.5106992323,167.6815969211
312067,24.2923828000,1983,0.069045,1274.5106992323,167.6815969211
312136,24.2974943000,1984,0.069045,1274.5106992323,167.6815969211
312205,24.3033591000,1985,0.069045,1274.5106992323,167.6815969211
312274,24.3084712000,1986,0.069044,1274.5106992323,167.6815969211
312343,24.3139530000,1987,0.069044,1274.5106992323,167.6815969211
312412,24.3194800000,1988,0.069044,1274.5106992323,167.6815969211
312481,24.3248313000,1989,0.069044,1274.5106992323,167.6815969211
312550,24.3298894000,1990,0.069044,1274.5106992323,167.6815969211
312619,24.3349087000,1991,0.069043,1274.5106992323,167.6815969211
312688,24.3405443000,1992,0.069043,1274.5106992323,167.6815969211
312757,24.3456920000,1993,0.069043,1274.5106992323,167.6815969211
312826,24.3510158000,1994,0.069043,1274.5106992323,167.6815969211
312895,24.3564006000,1995,0.069037,1274.5106992323,167.6581594350
312963,24.3616536000,1996,0.069037,1274.5106992323,167.6581594350
313031,24.3668034000,1997,0.069037,1274.5106992323,167.6581594350
313099,24.3722161000,1998,0.069037,1274.5106992323,167.6581594350
313167,24.3775402000,1999,0.069037,1274.5106992323,167.6581594350
313235,24.3828892000,2000,0.069037,1274.5106992323,167.6581594350
313303,24.3880327000,2001,0.069037,1274.5106992323,167.6581594350
313371,24.3932972000,2002,0.069037,1274.5106992323,167.6581594350
313439,24.3989510000,2003,0.069037,1274.5106992323,167.6581594350
313507,24.4045138000,2004,0.069037,1274.5106992323,167.6581594350
313575,24.4097276000,2005,0.069037,1274.5106992323,167.6581594350
313643,24.4149949000,2006,0.069037,1274.5106992323,167.6581594350
313711,24.4204008000,2007,0.069037,1274.5106992323,167.6581594350
313779,24.4254752000,2008,0.069037,1274.5106992323,167.6581594350
313847,24.4303502000,2009,0.069037,1274.5106992323,167.6581594350
313915,24.4352047000,2010,0.069037,1274.5106992323,167.6581594350
313983,24.4400422000,2011,0.069037,1274.5106992323,167.6581594350
314051,24.4455688000,2012,0.069037,1274.5106992323,167.6581594350
314119,24.4506400000,2013,0.069037,1274.5106992323,167.6581594350
314187,24.4555563000,2014,0.069037,1274.5106992323,167.6581594350
314255,24.4604711000,2015,0.069037,1274.5106992323,167.6581594350
314322,24.4653395000,2016,0.069037,1274.5106992323,167.6581594350
314389,24.4700668000,2017,0.069037,1274.5106992323,167.6581594350
314456,24.4748622000,2018,0.069037,1274.5106992323,167.6581594350
314523,24.4799701000,2019,0.069037,1274.5106992323,167.6581594350
314590,24.4855488000,2020,0.069037,1274.5106992323,167.6581594350
314657,24.4909674000,2021,0.069037,1274.5106992323,167.6581594350
314724,24.4962308000,2022,0.069037,1274.5106992323,167.6581594350
314791,24.5014654000,2023,0.069037,1274.5106992323,167.6581594350
314858,24.5063516000,2024,0.069037,1274.5106992323,167.6581594350
314925,24.5113102000,2025,0.069037,1274.5106992323,167.6581594350
314992,24.5161031000,2026,0.069037,1274.5106992323,167.6581594350
315059,24.5208329000,2027,0.069037,1274.5106992323,167.6581594350
315126,24.5256203000,2028,0.069037,1274.5106992323,167.6581594350
315193,24.5305276000,2029,0.069037,1274.5106992323,167.6581594350
315260,24.5357240000,2030,0.069012,1274.5106992323,167.4098060064
315327,24.5411141000,2031,0.069011,1274.5106992323,167.4098060064
315394,24.5464512000,2032,0.069011,1274.5106992323,167.4098060064
315461,24.5517621000,2033,0.069011,1274.5106992323,167.4098060064
315528,24.5572898000,2034,0.069010,1274.5106992323,167.4098060064
315595,24.5623028000,2035,0.069010,1274.5106992323,167.4098060064
315661,24.5673470000,2036,0.069010,1274.5106992323,167.4098060064
315727,24.5720272000,2037,0.069010,1274.5106992323,167.4098060064
315793,24.5767626000,2038,0.069009,1274.5106992323,167.4098060064
315859,24.5815053000,2039,0.069007,1274.5106992323,167.3994424967
315925,24.5864716000,2040,0.069006,1274.5106992323,167.3994424967
315991,24.5917667000,2041,0.069006,1274.5106992323,167.3994424967
316057,24.5968389000,2042,0.069006,1274.5106992323,167.3994424967
316123,24.6017762000,2043,0.069005,1274.5106992323,167.3994424967
316189,24.6067669000,2044,0.069005,1274.5106992323,167.3994424967
316255,24.6118098000,2045,0.069005,1274.5106992323,167.3994424967
316321,24.6171271000,2046,0.069005,1274.5106992323,167.3994424967
316387,24.6222545000,2047,0.069004,1274.5106992323,167.3994424967
316453,24.6272624000,2048,0.069004,1274.5106992323,167.3994424967
316519,24.6321928000,2049,0.069004,1274.5106992323,167.3994424967
316585,24.6369787000,2050,0.069004,1274.5106992323,167.3994424967
316651,24.6418426000,2051,0.069003,1274.5106992323,167.3994424967
316717,24.6471707000,2052,0.069003,1274.5106992323,167.3994424967
316783,24.6518709000,2053,0.069003,1274.5106992323,167.3994424967
316849,24.6568354000,2054,0.069003,1274.5106992323,167.3994424967
316915,24.6619744000,2055,0.069003,1274.5106992323,167.3994424967
316980,24.6673083000,2056,0.069003,1274.5106992323,167.3994424967
317045,24.6720187000,2057,0.068996,1274.5106992323,167.3659372122
317110,24.6773555000,2058,0.068996,1274.5106992323,167.3659372122
317175,24.6826074000,2059,0.068996,1274.5106992323,167.3659372122
317240,24.6874689000,2060,0.068996,1274.5106992323,167.3659372122
317305,24.6927207000,2061,0.068996,1274.5106992323,167.3659372122
317370,24.6977961000,2062,0.068996,1274.5106992323,167.3659372122
317435,24.7031480000,2063,0.068996,1274.5106992323,167.3659372122
317500,24.7084001000,2064,0.068996,1274.5106992323,167.3659372122
317565,24.7132281000,2065,0.068996,1274.5106992323,167.3659372122
317630,24.7182317000,2066,0.068996,1274.5106992323,167.3659372122
317695,24.7234732000,2067,0.068996,1274.5106992323,167.3659372122
317760,24.7286322000,2068,0.068996,1274.5106992323,167.3659372122
317825,24.7333045000,2069,0.068996,1274.5106992323,167.3659372122
317890,24.7381578000,2070,0.068996,1274.5106992323,167.3659372122
317955,24.7428679000,2071,0.068996,1274.5106992323,167.3659372122
318020,24.7478590000,2072,0.068996,1274.5106992323,167.3659372122
318085,24.7525120000,2073,0.068996,1274.5106992323,167.3659372122
318150,24.7573048000,2074,0.068996,1274.5106992323,167.3659372122
318215,24.7623928000,2075,0.068996,1274.5106992323,167.3659372122
318280,24.7673686000,2076,0.068996,1274.5106992323,167.3659372122
318344,24.7722763000,2077,0.068911,1274.5106992323,166.9829936231
318408,24.7769256000,2078,0.068911,1274.5106992323,166.9829936231
318472,24.7819918000,2079,0.068911,1274.5106992323,166.9829936231
318536,24.7869744000,2080,0.068911,1274.5106992323,166.9829936231
318600,24.7921025000,2081,0.068911,1274.5106992323,166.9829936231
318664,24.7970217000,2082,0.068911,1274.5106992323,166.9829936231
318728,24.8017133000,2083,0.068911,1274.5106992323,166.9829936231
318792,24.8064126000,2084,0.068911,1274.5106992323,166.9784504109
318856,24.8115861000,2085,0.068911,1274.5106992323,166.9784504109
318920,24.8163585000,2086,0.068911,1274.5106992323,166.9784504109
318984,24.8208836000,2087,0.068894,1274.5106992323,166.9001316143
319048,24.8257662000,2088,0.068894,1274.5106992323,166.9001316143
319112,24.8307358000,2089,0.068894,1274.5106992323,166.9001316143
319176,24.8359938000,2090,0.068894,1274.5106992323,166.9001316143
319240,24.8407267000,2091,0.068894,1274.5106992323,166.9001316143
319304,24.8453106000,2092,0.068894,1274.5106992323,166.9001316143
319368,24.8498470000,2093,0.068894,1274.5106992323,166.9001316143
319432,24.8545268000,2094,0.068894,1274.5106992323,166.9001316143
319496,24.8595594000,2095,0.068894,1274.5106992323,166.9001316143
319560,24.8649022000,2096,0.068894,1274.5106992323,166.9001316143
319624,24.8698586000,2097,0.068894,1274.5106992323,166.9001316143
319687,24.8746400000,2098,0.068894,1274.5106992323,166.9001316143
319750,24.8798875000,2099,0.068887,1274.5106992323,166.8571554855
319813,24.8848125000,2100,0.068887,1274.5106992323,166.8571554855
319876,24.8900156000,2101,0.068887,1274.5106992323,166.8571554855
319939,24.8947665000,2102,0.068887,1274.5106992323,166.8571554855
320002,24.8998015000,2103,0.068887,1274.5106992323,166.8571554855
320065,24.9047397000,2104,0.068887,1274.5106992323,166.8571554855
320128,24.9099781000,2105,0.068887,1274.5106992323,166.8571554855
320191,24.9148586000,2106,0.068872,1258.7504481330,168.3162871934
320254,24.9196928000,2107,0.068872,1258.7504481330,168.3162871934
320317,24.9243174000,2108,0.068872,1258.7504481330,168.3162871934
320380,24.9293047000,2109,0.068872,1258.7504481330,168.3162871934
320443,24.9339520000,2110,0.068872,1258.7504481330,168.3162871934
320506,24.9388930000,2111,0.068872,1258.7504481330,168.3162871934
320569,24.9434696000,2112,0.068872,1258.7504481330,168.3162871934
320632,24.9479150000,2113,0.068872,1258.7504481330,168.3162871934
320695,24.9525012000,2114,0.068872,1258.7504481330,168.3162871934
320758,24.9572302000,2115,0.068872,1258.7504481330,168.3162871934
320821,24.9621536000,2116,0.068872,1258.7504481330,168.3162871934
320884,24.9666946000,2117,0.068872,1258.7504481330,168.3162871934
320947,24.9714529000,2118,0.068872,1258.7504481330,168.3162871934
321009,24.9759173000,2119,0.068872,1258.7504481330,168.3162871934
321071,24.9808895000,2120,0.068872,1258.7504481330,168.3162871934
321133,24.9855601000,2121,0.068872,1258.7504481330,168.3162871934
321195,24.9903552000,2122,0.068872,1258.7504481330,168.3162871934
321257,24.9952602000,2123,0.068872,1258.7504481330,168.3162871934
321319,25.0006799000,2124,0.068872,1258.7504481330,168.3162871934
321381,25.0056336000,2125,0.068872,1258.7504481330,168.3162871934
321443,25.0107937000,2126,0.068872,1258.7504481330,168.3162871934
321505,25.0154680000,2127,0.068872,1258.7504481330,168.3162871934
321567,25.0200359000,2128,0.068872,1258.7504481330,168.3162871934
321629,25.0247207000,2129,0.068872,1258.7504481330,168.3162871934
321691,25.0293418000,2130,0.068872,1258.7504481330,168.3162871934
321753,25.0345249000,2131,0.068872,1258.7504481330,168.3162871934
321815,25.0393461000,2132,0.068872,1258.7504481330,168.3162871934
321877,25.0440404000,2133,0.068872,1258.7504481330,168.3162871934
321939,25.0488035000,2134,0.068872,1258.7504481330,168.3162871934
322001,25.0540664000,2135,0.068864,1258.7504481330,168.2727865534
322063,25.0587372000,2136,0.068864,1258.7504481330,168.2727865534
322125,25.0635182000,2137,0.068864,1258.7504481330,168.2727865534
322187,25.0681752000,2138,0.068859,1258.7504481330,168.2535911620
322249,25.0727180000,2139,0.068859,1258.7504481330,168.2535911620
322311,25.0771527000,2140,0.068859,1258.7504481330,168.2535911620
322372,25.0815079000,2141,0.068848,1258.7504481330,168.2065273641
322433,25.0858426000,2142,0.068848,1258.7504481330,168.2065273641
322494,25.0902481000,2143,0.068848,1258.7504481330,168.2065273641
322555,25.0946623000,2144,0.068848,1258.7504481330,168.2065273641
322616,25.0990698000,2145,0.068848,1258.7504481330,168.2065273641
322677,25.1034281000,2146,0.068848,1258.7504481330,168.2065273641
322738,25.1077896000,2147,0.068848,1258.7504481330,168.2065273641
322799,25.1121297000,2148,0.068848,1258.7504481330,168.2065273641
322860,25.1165470000,2149,0.068848,1258.7504481330,168.2022669281
322921,25.1208516000,2150,0.068848,1258.7504481330,168.2022669281
322982,25.1251743000,2151,0.068848,1258.7504481330,168.2022669281
323043,25.1294951000,2152,0.068848,1258.7504481330,168.2022669281
323104,25.1338582000,2153,0.068848,1258.7504481330,168.2022669281
323165,25.1381788000,2154,0.068848,1258.7504481330,168.2022669281
323226,25.1426180000,2155,0.068848,1258.7504481330,168.2022669281
323287,25.1470416000,2156,0.068848,1258.7504481330,168.2022669281
323348,25.1515705000,2157,0.068848,1258.7504481330,168.2022669281
323409,25.1561451000,2158,0.068848,1258.7504481330,168.2022669281
323470,25.1610758000,2159,0.068848,1258.7504481330,168.2022669281
323531,25.1655544000,2160,0.068848,1258.7504481330,168.1913643041
323592,25.1700163000,2161,0.068848,1258.7504481330,168.1776505388
323653,25.1745309000,2162,0.068848,1258.7504481330,168.1776505388
323713,25.1788685000,2163,0.068848,1258.7504481330,168.1776505388
323773,25.1832128000,2164,0.068848,1258.7504481330,168.1776505388
323833,25.1876971000,2165,0.068848,1258.7504481330,168.1776505388
323893,25.1923858000,2166,0.068848,1258.7504481330,168.1776505388
323953,25.1970085000,2167,0.068848,1258.7504481330,168.1776505388
324013,25.2016621000,2168,0.068848,1258.7504481330,168.1776505388
324073,25.2064461000,2169,0.068848,1258.7504481330,168.1776505388
324133,25.2109572000,2170,0.068848,1258.7504481330,168.1776505388
324193,25.2154377000,2171,0.068848,1258.7504481330,168.1776505388
324253,25.2200972000,2172,0.068848,1258.7504481330,168.1776505388
324313,25.2248803000,2173,0.068848,1258.7504481330,168.1776505388
324373,25.2295962000,2174,0.068848,1258.7504481330,168.1776505388
324433,25.2344692000,2175,0.068848,1258.7504481330,168.1776505388
324493,25.2391318000,2176,0.068848,1258.7504481330,168.1776505388
324553,25.2439729000,2177,0.068848,1258.7504481330,168.1776505388
324613,25.2484237000,2178,0.068848,1258.7504481330,168.1776505388
324673,25.2528599000,2179,0.068848,1258.7504481330,168.1776505388
324733,25.2572646000,2180,0.068848,1258.7504481330,168.1776505388
324793,25.2616301000,2181,0.068848,1258.7504481330,168.1776505388
324853,25.2660074000,2182,0.068761,1258.7504481330,167.7652612060
324913,25.2703384000,2183,0.068760,1258.7504481330,167.7652612060
324973,25.2746780000,2184,0.068760,1258.7504481330,167.7652612060
325033,25.2792620000,2185,0.068760,1258.7504481330,167.7652612060
325092,25.2837213000,2186,0.068759,1258.7504481330,167.7652612060
325151,25.2880194000,2187,0.068759,1258.7504481330,167.7652612060
325210,25.2923328000,2188,0.068758,1258.7504481330,167.7652612060
325269,25.2966770000,2189,0.068758,1258.7504481330,167.7652612060
325328,25.3009382000,2190,0.068757,1258.7504481330,167.7652612060
325387,25.3052189000,2191,0.068757,1258.7504481330,167.7652612060
325446,25.3094515000,2192,0.068757,1258.7504481330,167.7652612060
325505,25.3136955000,2193,0.068756,1258.7504481330,167.7652612060
325564,25.3179836000,2194,0.068756,1258.7504481330,167.7652612060
325623,25.3222572000,2195,0.068755,1258.7504481330,167.7652612060
325682,25.3266039000,2196,0.068755,1258.7504481330,167.7652612060
325741,25.3309819000,2197,0.068755,1258.7504481330,167.7652612060
325800,25.3352489000,2198,0.068754,1258.7504481330,167.7652612060
325859,25.3395561000,2199,0.068754,1258.7504481330,167.7652612060
325918,25.3437949000,2200,0.068753,1258.7504481330,167.7652612060
325977,25.3480018000,2201,0.068753,1258.7504481330,167.7652612060
326036,25.3522282000,2202,0.068740,1258.7504481330,167.7104309125
326095,25.3564865000,2203,0.068700,1258.7504481330,167.5429605420
326154,25.3606875000,2204,0.068700,1258.7504481330,167.5429605420
326213,25.3648984000,2205,0.068699,1258.7504481330,167.5429605420
326272,25.3691269000,2206,0.068699,1258.7504481330,167.5429605420
326331,25.3733415000,2207,0.068676,1258.7504481330,167.4477049953
326390,25.3775606000,2208,0.068676,1258.7504481330,167.4477049953
326448,25.3817142000,2209,0.068676,1258.7504481330,167.4477049953
326506,25.3858635000,2210,0.068675,1258.7504481330,167.4477049953
326564,25.3900010000,2211,0.068675,1258.7504481330,167.4477049953
326622,25.3941489000,2212,0.068675,1258.7504481330,167.4477049953
326680,25.3983365000,2213,0.068675,1258.7504481330,167.4477049953
326738,25.4025238000,2214,0.068674,1258.7504481330,167.4477049953
326796,25.4067201000,2215,0.068674,1258.7504481330,167.4477049953
326854,25.4108648000,2216,0.068674,1258.7504481330,167.4477049953
326912,25.4150063000,2217,0.068673,1258.7504481330,167.4477049953
326970,25.4192012000,2218,0.068673,1258.7504481330,167.4477049953
327028,25.4238566000,2219,0.068673,1258.7504481330,167.4477049953
327086,25.4284730000,2220,0.068673,1258.7504481330,167.4477049953
327144,25.4328109000,2221,0.068672,1258.7504481330,167.4477049953
327202,25.4372639000,2222,0.068672,1258.7504481330,167.4477049953
327260,25.4415332000,2223,0.068658,1258.7504481330,167.3887527300
327318,25.4459891000,2224,0.068658,1258.7504481330,167.3887527300
327376,25.4502630000,2225,0.068657,1258.7504481330,167.3887527300
327434,25.4544082000,2226,0.068657,1258.7504481330,167.3887527300
327492,25.4585869000,2227,0.068657,1258.7504481330,167.3887527300
327550,25.4627527000,2228,0.068657,1258.7504481330,167.3887527300
327608,25.4670957000,2229,0.068656,1258.7504481330,167.3887527300
327666,25.4713337000,2230,0.068656,1258.7504481330,167.3887527300
327724,25.4755776000,2231,0.068656,1258.7504481330,167.3887527300
327781,25.4796473000,2232,0.068656,1258.7504481330,167.3887527300
327838,25.4836927000,2233,0.068656,1258.7504481330,167.3887527300
327895,25.4877304000,2234,0.068656,1258.7504481330,167.3887527300
327952,25.4918079000,2235,0.068656,1258.7504481330,167.3887527300
328009,25.4961870000,2236,0.068656,1258.7504481330,167.3887527300
328066,25.5007574000,2237,0.068656,1258.7504481330,167.3887527300
328123,25.5052456000,2238,0.068656,1258.7504481330,167.3887527300
328180,25.5093491000,2239,0.068656,1258.7504481330,167.3887527300
328237,25.5136926000,2240,0.068656,1258.7504481330,167.3887527300
328294,25.5181646000,2241,0.068656,1258.7504481330,167.3887527300
328351,25.5225107000,2242,0.068656,1258.7504481330,167.3887527300
328408,25.5266991000,2243,0.068656,1258.7504481330,167.3887527300
328465,25.5313737000,2244,0.068656,1258.7504481330,167.3887527300
328522,25.5361074000,2245,0.068656,1258.7504481330,167.3887527300
328579,25.5405564000,2246,0.068656,1258.7504481330,167.3887527300
328636,25.5450907000,2247,0.068656,1258.7504481330,167.3887527300
328693,25.5494262000,2248,0.068656,1258.7504481330,167.3887527300
328750,25.5535971000,2249,0.068656,1258.7504481330,167.3887527300
328807,25.5579051000,2250,0.068656,1258.7504481330,167.3887527300
328864,25.5624381000,2251,0.068656,1258.7504481330,167.3887527300
328921,25.5668506000,2252,0.068656,1258.7504481330,167.3887527300
328978,25.5713879000,2253,0.068656,1258.7504481330,167.3887527300
329035,25.5760184000,2254,0.068656,1258.7504481330,167.3887527300
329092,25.5801259000,2255,0.068656,1258.7504481330,167.3887527300
329148,25.5843546000,2256,0.068656,1258.7504481330,167.3887527300
329204,25.5887916000,2257,0.068656,1258.7504481330,167.3887527300
329260,25.5928780000,2258,0.068656,1258.7504481330,167.3887527300
329316,25.5971874000,2259,0.068656,1258.7504481330,167.3887527300
329372,25.6016083000,2260,0.068656,1258.7504481330,167.3887527300
329428,25.6061128000,2261,0.068656,1258.7504481330,167.3887527300
329484,25.6103711000,2262,0.068656,1258.7504481330,167.3887527300
329540,25.6150216000,2263,0.068656,1258.7504481330,167.3887527300
329596,25.6193430000,2264,0.068656,1258.7504481330,167.3887527300
329652,25.6236381000,2265,0.068656,1258.7504481330,167.3887527300
329708,25.6279157000,2266,0.068656,1258.7504481330,167.3877527300
329764,25.6323088000,2267,0.068656,1258.7504481330,167.3877527300
329820,25.6365977000,2268,0.068656,1258.7504481330,167.3877527300
329876,25.6409213000,2269,0.068656,1258.7504481330,167.3877527300
329932,25.6451734000,2270,0.068564,1258.7504481330,166.8887527300
329988,25.6499149000,2271,0.068564,1258.7504481330,166.8887527300
330044,25.6541582000,2272,0.068564,1258.7504481330,166.8887527300
330100,25.6583988000,2273,0.068564,1258.7504481330,166.8887527300
330156,25.6631255000,2274,0.068564,1258.7504481330,166.8887527300
330212,25.6673972000,2275,0.068564,1258.7504481330,166.8887527300
330268,25.6717542000,2276,0.068564,1258.7504481330,166.8887527300
330324,25.6762855000,2277,0.068564,1258.7504481330,166.8887527300
330380,25.6808679000,2278,0.068564,1258.7504481330,166.8887527300
330436,25.6853964000,2279,0.068564,1258.7504481330,166.8887527300
330491,25.6897926000,2280,0.068564,1258.7504481330,166.8887527300
330546,25.6941911000,2281,0.068564,1258.7504481330,166.8887527300
330601,25.6986212000,2282,0.068564,1258.7504481330,166.8887527300
330656,25.7030659000,2283,0.068564,1258.7504481330,166.8887527300
330711,25.7073296000,2284,0.068564,1258.7504481330,166.8887527300
330766,25.7116088000,2285,0.068564,1258.7504481330,166.8887527300
330821,25.7156221000,2286,0.068532,1258.7504481330,166.6974794712
330876,25.7196761000,2287,0.068532,1258.7504481330,166.6974794712
330931,25.7240136000,2288,0.068532,1258.7504481330,166.6974794712
330986,25.7286240000,2289,0.068532,1258.7504481330,166.6974794712
331041,25.7330387000,2290,0.068532,1258.7504481330,166.6974794712
331096,25.7376249000,2291,0.068532,1258.7504481330,166.6974794712
331151,25.7420232000,2292,0.068532,1258.7504481330,166.6974794712
331206,25.7465024000,2293,0.068532,1258.7504481330,166.6974794712
331261,25.7508503000,2294,0.068532,1258.7504481330,166.6974794712
331316,25.7552413000,2295,0.068531,1258.7504481330,166.6974794712
331371,25.7592453000,2296,0.068531,1258.7504481330,166.6974794712
331426,25.7634916000,2297,0.068531,1258.7504481330,166.6974794712
331481,25.7678149000,2298,0.068530,1258.7504481330,166.6974794712
331536,25.7719826000,2299,0.068530,1258.7504481330,166.6974794712
331591,25.7763782000,2300,0.068529,1258.7504481330,166.6974794712
331646,25.7803057000,2301,0.068529,1258.7504481330,166.6974794712
331701,25.7842394000,2302,0.068528,1258.7504481330,166.6974794712
331756,25.7886064000,2303,0.068528,1258.7504481330,166.6974794712
331811,25.7932741000,2304,0.068528,1258.7504481330,166.6974794712
331865,25.7976514000,2305,0.068527,1258.7504481330,166.6974794712
331919,25.8019756000,2306,0.068527,1258.7504481330,166.6974794712
331973,25.8059782000,2307,0.068526,1258.7504481330,166.6974794712
332027,25.8101809000,2308,0.068526,1258.7504481330,166.6974794712
332081,25.8145340000,2309,0.068513,1258.7504481330,166.6455305799
332135,25.8195281000,2310,0.068513,1258.7504481330,166.6455305799
332189,25.8235272000,2311,0.068512,1258.7504481330,166.6455305799
332243,25.8278971000,2312,0.068512,1258.7504481330,166.6455305799
332297,25.8321163000,2313,0.068511,1258.7504481330,166.6455305799
332351,25.8365799000,2314,0.068429,1258.7504481330,166.3018111802
332405,25.8407544000,2315,0.068427,1258.7504481330,166.2928864277
332459,25.8449155000,2316,0.068426,1258.7504481330,166.2928864277
332513,25.8490126000,2317,0.068426,1258.7504481330,166.2928864277
332567,25.8534941000,2318,0.068426,1258.7504481330,166.2928864277
332621,25.8578277000,2319,0.068425,1258.7504481330,166.2928864277
332675,25.8618607000,2320,0.068425,1258.7504481330,166.2928864277
332729,25.8658409000,2321,0.068424,1258.7504481330,166.2928864277
332783,25.8700321000,2322,0.068424,1258.7504481330,166.2928864277
332837,25.8742816000,2323,0.068423,1258.7504481330,166.2928864277
332891,25.8784346000,2324,0.068423,1258.7504481330,166.2928864277
332945,25.8832375000,2325,0.068422,1258.7504481330,166.2928864277
332999,25.8875344000,2326,0.068422,1258.7504481330,166.2928864277
333053,25.8918025000,2327,0.068421,1258.7504481330,166.2928864277
333107,25.8961258000,2328,0.068421,1258.7504481330,166.2928864277
333161,25.9002599000,2329,0.068420,1258.7504481330,166.2928864277
333214,25.9044327000,2330,0.068419,1258.7504481330,166.2922251604
333267,25.9084663000,2331,0.068419,1258.7504481330,166.2922251604
333320,25.9128172000,2332,0.068418,1258.7504481330,166.2922251604
333373,25.9172195000,2333,0.068418,1258.7504481330,166.2922251604
333426,25.9214585000,2334,0.068417,1258.7504481330,166.2922251604
333479,25.9258230000,2335,0.068417,1258.7504481330,166.2922251604
333532,25.9302451000,2336,0.068416,1258.7504481330,166.2922251604
333585,25.9343867000,2337,0.068416,1258.7504481330,166.2922251604
333638,25.9387042000,2338,0.068415,1258.7504481330,166.2922251604
333691,25.9432689000,2339,0.068415,1258.7504481330,166.2922251604
333744,25.9474659000,2340,0.068414,1258.7504481330,166.2922251604
333797,25.9513056000,2341,0.068414,1258.7504481330,166.2922251604
333850,25.9554069000,2342,0.068413,1258.7504481330,166.2922251604
333903,25.9592027000,2343,0.068413,1258.7504481330,166.2922251604
333956,25.9634384000,2344,0.068412,1258.7504481330,166.2922251604
334009,25.9677839000,2345,0.068412,1258.7504481330,166.2922251604
334062,25.9718850000,2346,0.068411,1258.7504481330,166.2922251604
334115,25.9762759000,2347,0.068411,1258.7504481330,166.2922251604
334168,25.9805890000,2348,0.068411,1258.7504481330,166.2922251604
334221,25.9848773000,2349,0.068411,1258.7504481330,166.2922251604
334274,25.9890851000,2350,0.068411,1258.7504481330,166.2922251604
334327,25.9933520000,2351,0.068411,1258.7504481330,166.2922251604
334380,25.9975448000,2352,0.068411,1258.7504481330,166.2922251604
334433,26.0017531000,2353,0.068403,1258.7504481330,166.2529890603
334486,26.0055983000,2354,0.068403,1258.7504481330,166.2529890603
334538,26.0092938000,2355,0.068403,1258.7504481330,166.2529890603
334590,26.0131260000,2356,0.068403,1258.7504481330,166.2529890603
334642,26.0173511000,2357,0.068403,1258.7504481330,166.2529890603
334694,26.0214227000,2358,0.068403,1258.7504481330,166.2529890603
334746,26.0257351000,2359,0.068403,1258.7504481330,166.2529890603
334798,26.0301168000,2360,0.068402,1258.7504481330,166.2460340871
334850,26.0344145000,2361,0.068402,1258.7504481330,166.2460340871
334902,26.0386211000,2362,0.068402,1258.7504481330,166.2460340871
334954,26.0423649000,2363,0.068402,1258.7504481330,166.2460340871
335006,26.0461319000,2364,0.068402,1258.7504481330,166.2460340871
335058,26.0498334000,2365,0.068395,1258.7504481330,166.2107839565
335110,26.0535730000,2366,0.068395,1258.7504481330,166.2107839565
335162,26.0573422000,2367,0.068395,1258.7504481330,166.2107839565
335214,26.0610934000,2368,0.068395,1258.7504481330,166.2107839565
335266,26.0650799000,2369,0.068395,1258.7504481330,166.2107839565
335318,26.0692831000,2370,0.068395,1258.7504481330,166.2107839565
335370,26.0733508000,2371,0.068395,1258.7504481330,166.2107839565
335422,26.0776913000,2372,0.068395,1258.7504481330,166.2107839565
335474,26.0816780000,2373,0.068390,1258.7504481330,166.1827479697
335526,26.0854919000,2374,0.068390,1258.7504481330,166.1827479697
335578,26.0893451000,2375,0.068390,1258.7504481330,166.1827479697
335630,26.0931729000,2376,0.068390,1258.7504481330,166.1827479697
335682,26.0971354000,2377,0.068390,1258.7504481330,166.1827479697
335734,26.1010609000,2378,0.068390,1258.7504481330,166.1827479697
335786,26.1048392000,2379,0.068390,1258.7504481330,166.1827479697
335838,26.1085512000,2380,0.068390,1258.7504481330,166.1827479697
335889,26.1122277000,2381,0.068365,1258.7504481330,166.0796542769
335940,26.1159805000,2382,0.068365,1258.7504481330,166.0796542769
335991,26.1199512000,2383,0.068365,1258.7504481330,166.0796542769
336042,26.1237561000,2384,0.068365,1258.7504481330,166.0796542769
336093,26.1276233000,2385,0.068364,1258.7504481330,166.0796542769
336144,26.1316549000,2386,0.068364,1258.7504481330,166.0796542769
336195,26.1355556000,2387,0.068364,1258.7504481330,166.0796542769
336246,26.1392491000,2388,0.068364,1258.7504481330,166.0796542769
336297,26.1433029000,2389,0.068361,1258.7504481330,166.0692644500
336348,26.1470077000,2390,0.068361,1258.7504481330,166.0692644500
336399,26.1506794000,2391,0.068361,1258.7504481330,166.0692644500
336450,26.1545868000,2392,0.068361,1258.7504481330,166.0692644500
336501,26.1583171000,2393,0.068361,1258.7504481330,166.0692644500
336552,26.1619750000,2394,0.068360,1258.7504481330,166.0692644500
336603,26.1664700000,2395,0.068342,1258.7504481330,165.9929910324
336654,26.1705562000,2396,0.068342,1258.7504481330,165.9929910324
336705,26.1746194000,2397,0.068342,1258.7504481330,165.9929910324
336756,26.1785477000,2398,0.068342,1258.7504481330,165.9929910324
336807,26.1823891000,2399,0.068341,1258.7504481330,165.9929910324
336858,26.1860848000,2400,0.068299,1310.1219334460,160.8310868995
336909,26.1898213000,2401,0.067317,1258.7504481330,161.6770416506
336960,26.1937336000,2402,0.067317,1258.7504481330,161.6770416506
337011,26.1977131000,2403,0.067317,1258.7504481330,161.6770416506
337062,26.2014676000,2404,0.067317,1258.7504481330,161.6770416506
337113,26.2051605000,2405,0.067317,1258.7504481330,161.6770416506
337164,26.2091721000,2406,0.067301,1258.7504481330,161.6108952066
337214,26.2133434000,2407,0.067301,1258.7504481330,161.6108952066
337264,26.2174350000,2408,0.067301,1258.7504481330,161.6108952066
337314,26.2212328000,2409,0.067301,1258.7504481330,161.6108952066
337364,26.2250573000,2410,0.067301,1258.7504481330,161.6108952066
337414,26.2288954000,2411,0.067301,1258.7504481330,161.6108952066
337464,26.2329238000,2412,0.067301,1258.7504481330,161.6108952066
337514,26.2368797000,2413,0.067301,1258.7504481330,161.6108952066
337564,26.2409476000,2414,0.067301,1258.7504481330,161.6108952066
337614,26.2449701000,2415,0.067301,1258.7504481330,161.6108952066
337664,26.2487796000,2416,0.067301,1258.7504481330,161.6108952066
337714,26.2525739000,2417,0.067301,1258.7504481330,161.6108952066
337764,26.2565131000,2418,0.067301,1258.7504481330,161.6108952066
337814,26.2601364000,2419,0.067301,1258.7504481330,161.6108952066
337864,26.2639485000,2420,0.067301,1258.7504481330,161.6108952066
337914,26.2675384000,2421,0.067301,1258.7504481330,161.6108952066
337964,26.2712628000,2422,0.067301,1258.7504481330,161.6108952066
338014,26.2748810000,2423,0.067301,1258.7504481330,161.6108952066
338064,26.2789098000,2424,0.067301,1258.7504481330,161.6108952066
338114,26.2830308000,2425,0.067301,1258.7504481330,161.6108952066
338164,26.2869024000,2426,0.067301,1258.7504481330,161.6059860852
338214,26.2906611000,2427,0.067301,1258.7504481330,161.6059860852
338264,26.2945221000,2428,0.067301,1258.7504481330,161.6059860852
338314,26.2984970000,2429,0.067301,1258.7504481330,161.6059860852
338364,26.3023928000,2430,0.067301,1258.7504481330,161.6059860852
338414,26.3062852000,2431,0.067301,1258.7504481330,161.6059860852
338464,26.3100197000,2432,0.067292,1258.7504481330,161.5673782407
338514,26.3136984000,2433,0.067292,1258.7504481330,161.5673782407
338563,26.3176078000,2434,0.067292,1258.7504481330,161.5673782407
338612,26.3215510000,2435,0.067233,1258.7504481330,161.3198833583
338661,26.3254920000,2436,0.067232,1258.7504481330,161.3198833583
338710,26.3291714000,2437,0.067232,1258.7504481330,161.3198833583
338759,26.3329603000,2438,0.067231,1258.7504481330,161.3198833583
338808,26.3367298000,2439,0.067230,1258.7504481330,161.3198833583
338857,26.3406497000,2440,0.067229,1258.7504481330,161.3198833583
338906,26.3445302000,2441,0.067228,1258.7504481330,161.3198833583
338955,26.3485539000,2442,0.067227,1258.7504481330,161.3198833583
339004,26.3523882000,2443,0.067226,1258.7504481330,161.3198833583
339053,26.3566213000,2444,0.067225,1258.7504481330,161.3198833583
339102,26.3607059000,2445,0.067225,1258.7504481330,161.3198833583
339151,26.3651097000,2446,0.067224,1258.7504481330,161.3198833583
339200,26.3691929000,2447,0.067223,1258.7504481330,161.3198833583
339249,26.3729147000,2448,0.067222,1258.7504481330,161.3198833583
339298,26.3766211000,2449,0.067221,1258.7504481330,161.3198833583
339347,26.3803829000,2450,0.067220,1258.7504481330,161.3198833583
339396,26.3846292000,2451,0.067219,1258.7504481330,161.3198833583
339445,26.3886191000,2452,0.067219,1258.7504481330,161.3198833583
339494,26.3925618000,2453,0.067218,1258.7504481330,161.3198833583
339543,26.3963223000,2454,0.067217,1258.7504481330,161.3198833583
339592,26.4005308000,2455,0.067216,1258.7504481330,161.3198833583
339641,26.4043908000,2456,0.067215,1258.7504481330,161.3198833583
339690,26.4079212000,2457,0.067214,1258.7504481330,161.3198833583
339739,26.4116114000,2458,0.067213,1258.7504481330,161.3198833583
339788,26.4154649000,2459,0.067212,1258.7504481330,161.3198833583
339837,26.4194844000,2460,0.067212,1258.7504481330,161.3198833583
339886,26.4229936000,2461,0.067193,1258.7504481330,161.2471614787
339934,26.4264116000,2462,0.067179,1258.7504481330,161.1915962235
339982,26.4298755000,2463,0.067179,1258.7504481330,161.1915962235
340030,26.4333112000,2464,0.067178,1258.7504481330,161.1915962235
340078,26.4370251000,2465,0.067177,1258.7504481330,161.1915962235
340126,26.4405984000,2466,0.067177,1258.7504481330,161.1915962235
340174,26.4444322000,2467,0.067176,1258.7504481330,161.1915962235
340222,26.4486386000,2468,0.067176,1258.7504481330,161.1915962235
340270,26.4523677000,2469,0.067176,1258.7504481330,161.1915962235
340318,26.4562060000,2470,0.067175,1258.7504481330,161.1915962235
340366,26.4602711000,2471,0.067175,1258.7504481330,161.1915962235
340414,26.4639255000,2472,0.067175,1258.7504481330,161.1915962235
340462,26.4675442000,2473,0.067174,1258.7504481330,161.1915962235
340510,26.4710962000,2474,0.067174,1258.7504481330,161.1915962235
340558,26.4747142000,2475,0.067174,1258.7504481330,161.1915962235
340606,26.4785270000,2476,0.067173,1258.7504481330,161.1915962235
340654,26.4821391000,2477,0.067170,1258.7504481330,161.1781371143
340702,26.4857325000,2478,0.067169,1258.7504481330,161.1781371143
340750,26.4892919000,2479,0.067169,1258.7504481330,161.1781371143
340798,26.4930712000,2480,0.067169,1258.7504481330,161.1781371143
340846,26.4972525000,2481,0.067168,1258.7504481330,161.1781371143
340894,26.5011202000,2482,0.067168,1258.7504481330,161.1781371143
340942,26.5048175000,2483,0.067168,1258.7504481330,161.1781371143
340990,26.5084776000,2484,0.067054,1258.7504481330,160.6992068828
341038,26.5125039000,2485,0.067053,1258.7504481330,160.6992068828
341086,26.5160734000,2486,0.067053,1258.7504481330,160.6992068828
341134,26.5196379000,2487,0.067052,1258.7504481330,160.6992068828
341182,26.5231890000,2488,0.067052,1258.7504481330,160.6992068828
341230,26.5267188000,2489,0.067052,1258.7504481330,160.6992068828
341277,26.5302735000,2490,0.067051,1258.7504481330,160.6992068828
341324,26.5336753000,2491,0.067051,1258.7504481330,160.6992068828
341371,26.5372744000,2492,0.067051,1258.7504481330,160.6992068828
341418,26.5414030000,2493,0.067050,1258.7504481330,160.6992068828
341465,26.5457316000,2494,0.067050,1258.7504481330,160.6992068828
341512,26.5492584000,2495,0.067050,1258.7504481330,160.6992068828
341559,26.5527082000,2496,0.067049,1258.7504481330,160.6992068828
341606,26.5562225000,2497,0.067049,1258.7504481330,160.6992068828
341653,26.5596485000,2498,0.067048,1258.7504481330,160.6992068828
341700,26.5630109000,2499,0.067048,1258.7504481330,160.6992068828
341747,26.5663915000,2500,0.067039,1258.7504481330,160.6619441150
341794,26.5697731000,2501,0.067033,1258.7504481330,160.6394576168
341841,26.5731215000,2502,0.067032,1258.7504481330,160.6394576168
341888,26.5765632000,2503,0.067032,1258.7504481330,160.6394576168
341935,26.5799802000,2504,0.067032,1258.7504481330,160.6394576168
341982,26.5833929000,2505,0.067031,1258.7504481330,160.6394576168
342029,26.5871408000,2506,0.067026,1258.7504481330,160.6200348291
342076,26.5906274000,2507,0.067026,1258.7504481330,160.6200348291
342123,26.5940107000,2508,0.067025,1258.7504481330,160.6200348291
342170,26.5974433000,2509,0.067025,1258.7504481330,160.6200348291
342217,26.6008691000,2510,0.067025,1258.7504481330,160.6200348291
342264,26.6042425000,2511,0.067024,1258.7504481330,160.6200348291
342311,26.6076301000,2512,0.067024,1258.7504481330,160.6200348291
342358,26.6110359000,2513,0.067023,1258.7504481330,160.6200348291
342405,26.6144434000,2514,0.067023,1258.7504481330,160.6200348291
342452,26.6182514000,2515,0.067022,1258.7504481330,160.6200348291
342499,26.6217372000,2516,0.067022,1258.7504481330,160.6200348291
342546,26.6253418000,2517,0.066936,1258.7504481330,160.2575342259
342593,26.6292268000,2518,0.066935,1258.7504481330,160.2575342259
342639,26.6332968000,2519,0.066935,1258.7504481330,160.2575342259
342685,26.6367068000,2520,0.066934,1258.7504481330,160.2575342259
342731,26.6404887000,2521,0.066934,1258.7504481330,160.2575342259
342777,26.6442192000,2522,0.066934,1258.7504481330,160.2575342259
342823,26.6478485000,2523,0.066933,1258.7504481330,160.2575342259
342869,26.6516873000,2524,0.066933,1258.7504481330,160.2575342259
342915,26.6554515000,2525,0.066933,1258.7504481330,160.2575342259
342961,26.6587474000,2526,0.066914,1258.7504481330,160.1724418152
343007,26.6620379000,2527,0.066914,1258.7504481330,160.1724418152
343053,26.6653327000,2528,0.066914,1258.7504481330,160.1724418152
343099,26.6686402000,2529,0.066914,1258.7504481330,160.1724418152
343145,26.6723201000,2530,0.066903,1258.7504481330,160.1167175780
343191,26.6760958000,2531,0.066903,1258.7504481330,160.1167175780
343237,26.6797680000,2532,0.066903,1258.7504481330,160.1167175780
343283,26.6838129000,2533,0.066902,1258.7504481330,160.1089320783
343329,26.6875234000,2534,0.066902,1258.7504481330,160.1089320783
343375,26.6910983000,2535,0.066902,1258.7504481330,160.1089320783
343421,26.6946682000,2536,0.066896,1258.7504481330,160.0778352176
343467,26.6984657000,2537,0.066896,1258.7504481330,160.0778352176
343513,26.7019520000,2538,0.066896,1258.7504481330,160.0778352176
343559,26.7053266000,2539,0.066896,1258.7504481330,160.0778352176
343605,26.7088433000,2540,0.066893,1258.7504481330,160.0585645680
343651,26.7124535000,2541,0.066893,1258.7504481330,160.0585645680
343697,26.7160183000,2542,0.066893,1258.7504481330,160.0585645680
343743,26.7197054000,2543,0.066890,1258.7504481330,160.0426312649
343789,26.7234666000,2544,0.066890,1258.7504481330,160.0426312649
343835,26.7269402000,2545,0.066890,1258.7504481330,160.0426312649
343881,26.7307766000,2546,0.066890,1258.7504481330,160.0426312649
343927,26.7341571000,2547,0.066890,1258.7504481330,160.0426312649
343972,26.7378973000,2548,0.066890,1258.7504481330,160.0426312649
344017,26.7412104000,2549,0.066890,1258.7504481330,160.0426312649
344062,26.7446398000,2550,0.066890,1258.7504481330,160.0380897271
344107,26.7484177000,2551,0.066890,1258.7504481330,160.0380897271
344152,26.7518552000,2552,0.066890,1258.7504481330,160.0380897271
344197,26.7553805000,2553,0.066890,1258.7504481330,160.0380897271
344242,26.7589754000,2554,0.066890,1258.7504481330,160.0380897271
344287,26.7626608000,2555,0.066890,1258.7504481330,160.0380897271
344332,26.7660975000,2556,0.066890,1258.7504481330,160.0380897271
344377,26.7695129000,2557,0.066890,1258.7504481330,160.0380897271
344422,26.7728958000,2558,0.066890,1258.7504481330,160.0380897271
344467,26.7764510000,2559,0.066889,1258.7504481330,160.0380897271
344512,26.7798661000,2560,0.066888,1258.7504481330,160.0380897271
344557,26.7832873000,2561,0.066888,1258.7504481330,160.0380897271
344602,26.7872839000,2562,0.066887,1258.7504481330,160.0380897271
344647,26.7908415000,2563,0.066887,1258.7504481330,160.0380897271
344692,26.7944911000,2564,0.066886,1258.7504481330,160.0380897271
344737,26.7982166000,2565,0.066886,1258.7504481330,160.0380897271
344782,26.8014519000,2566,0.066885,1258.7504481330,160.0380897271
344827,26.8050075000,2567,0.066884,1258.7504481330,160.0380897271
344872,26.8082887000,2568,0.066884,1258.7504481330,160.0380897271
344917,26.8115660000,2569,0.066883,1258.7504481330,160.0380897271
344962,26.8148867000,2570,0.066883,1258.7504481330,160.0380897271
345007,26.8184737000,2571,0.066882,1258.7504481330,160.0380897271
345052,26.8222107000,2572,0.066881,1258.7504481330,160.0380897271
345097,26.8260078000,2573,0.066876,1258.7504481330,160.0161107600
345142,26.8298778000,2574,0.066875,1258.7504481330,160.0161107600
345187,26.8333222000,2575,0.066874,1258.7504481330,160.0161107600
345232,26.8367431000,2576,0.066874,1258.7504481330,160.0161107600
345277,26.8402367000,2577,0.066873,1258.7504481330,160.0161107600
345321,26.8435652000,2578,0.066873,1258.7504481330,160.0161107600
345365,26.8473136000,2579,0.066872,1258.7504481330,160.0161107600
345409,26.8507205000,2580,0.066872,1258.7504481330,160.0161107600
345453,26.8542930000,2581,0.066871,1258.7504481330,160.0161107600
345497,26.8575696000,2582,0.066871,1258.7504481330,160.0161107600
345541,26.8608222000,2583,0.066871,1258.7504481330,160.0161107600
345585,26.8639630000,2584,0.066871,1258.7504481330,160.0161107600
345629,26.8673587000,2585,0.066871,1258.7504481330,160.0161107600
345673,26.8709985000,2586,0.066871,1258.7504481330,160.0161107600
345717,26.8744536000,2587,0.066871,1258.7504481330,160.0161107600
345761,26.8783229000,2588,0.066871,1258.7504481330,160.0161107600
345805,26.8818696000,2589,0.066871,1258.7504481330,160.0161107600
345849,26.8851047000,2590,0.066871,1258.7504481330,160.0161107600
345893,26.8886351000,2591,0.066871,1258.7504481330,160.0161107600
345937,26.8920621000,2592,0.066871,1258.7504481330,159.9935710409
345981,26.8955729000,2593,0.066871,1258.7504481330,159.9935710409
346025,26.8991056000,2594,0.066871,1258.7504481330,159.9935710409
346069,26.9024463000,2595,0.066871,1258.7504481330,159.9935710409
346113,26.9057402000,2596,0.066871,1258.7504481330,159.9935710409
346157,26.9101951000,2597,0.066871,1258.7504481330,159.9935710409
346201,26.9137445000,2598,0.066871,1258.7504481330,159.9935710409
346245,26.9171071000,2599,0.066871,1258.7504481330,159.9935710409
346289,26.9209978000,2600,0.066871,1258.7504481330,159.9935710409
346333,26.9246016000,2601,0.066855,1258.7504481330,159.8972033676
346377,26.9281847000,2602,0.066855,1258.7504481330,159.8972033676
346421,26.9317985000,2603,0.066855,1258.7504481330,159.8972033676
346465,26.9350301000,2604,0.066855,1258.7504481330,159.8972033676
346509,26.9385838000,2605,0.066855,1258.7504481330,159.8972033676
346553,26.9422458000,2606,0.066855,1258.7504481330,159.8972033676
346597,26.9457316000,2607,0.066855,1258.7504481330,159.8972033676
346641,26.9496144000,2608,0.066855,1258.7504481330,159.8972033676
346684,26.9530242000,2609,0.066855,1258.7504481330,159.8972033676
346727,26.9562492000,2610,0.066855,1258.7504481330,159.8972033676
346770,26.9599435000,2611,0.066855,1258.7504481330,159.8972033676
346813,26.9634188000,2612,0.066855,1258.7504481330,159.8972033676
346856,26.9669113000,2613,0.066855,1258.7504481330,159.8972033676
346899,26.9702160000,2614,0.066855,1258.7504481330,159.8972033676
346942,26.9733174000,2615,0.066855,1258.7504481330,159.8872227073
346985,26.9766156000,2616,0.066855,1258.7504481330,159.8872227073
347028,26.9799420000,2617,0.066855,1258.7504481330,159.8872227073
347071,26.9836665000,2618,0.066855,1258.7504481330,159.8872227073
347114,26.9871540000,2619,0.066855,1258.7504481330,159.8872227073
347157,26.9905311000,2620,0.066855,1258.7504481330,159.8872227073
347200,26.9936884000,2621,0.066846,1258.7504481330,159.8288914065
347243,26.9973859000,2622,0.066846,1258.7504481330,159.8288914065
347286,27.0009805000,2623,0.066845,1258.7504481330,159.8288914065
347329,27.0044720000,2624,0.066845,1258.7504481330,159.8288914065
347372,27.0082564000,2625,0.066845,1258.7504481330,159.8288914065
347415,27.0117505000,2626,0.066845,1258.7504481330,159.8288914065
347458,27.0153160000,2627,0.066845,1258.7504481330,159.8288914065
347501,27.0188935000,2628,0.066845,1258.7504481330,159.8288914065
347544,27.0222380000,2629,0.066845,1258.7504481330,159.8288914065
347587,27.0257316000,2630,0.066845,1258.7504481330,159.8288914065
347630,27.0288485000,2631,0.066845,1258.7504481330,159.8288914065
347673,27.0319292000,2632,0.066845,1258.7504481330,159.8288914065
347716,27.0350975000,2633,0.066845,1258.7504481330,159.8288914065
347759,27.0385370000,2634,0.066845,1258.7504481330,159.8288914065
347802,27.0418713000,2635,0.066845,1258.7504481330,159.8288914065
347845,27.0452850000,2636,0.066788,1258.7504481330,159.5908316502
347888,27.0485977000,2637,0.066788,1258.7504481330,159.5908316502
347931,27.0517088000,2638,0.066681,1258.7504481330,159.1403666219
347974,27.0552157000,2639,0.066681,1258.7504481330,159.1403666219
348016,27.0584871000,2640,0.066681,1258.7504481330,159.1403666219
348058,27.0618017000,2641,0.066681,1258.7504481330,159.1403666219
348100,27.0650993000,2642,0.066681,1258.7504481330,159.1388039404
348142,27.0705752000,2643,0.066681,1258.7504481330,159.1388039404
348184,27.0740195000,2644,0.066681,1258.7504481330,159.1388039404
348226,27.0774571000,2645,0.066681,1258.7504481330,159.1388039404
348268,27.0808570000,2646,0.066681,1258.7504481330,159.1388039404
348310,27.0843108000,2647,0.066681,1258.7504481330,159.1388039404
348352,27.0878133000,2648,0.066681,1258.7504481330,159.1388039404
348394,27.0909308000,2649,0.066681,1258.7504481330,159.1388039404
348436,27.0939956000,2650,0.066681,1258.7504481330,159.1388039404
348478,27.0970468000,2651,0.066681,1258.7504481330,159.1388039404
348520,27.1001345000,2652,0.066681,1258.7504481330,159.1388039404
348562,27.1033168000,2653,0.066681,1258.7504481330,159.1388039404
348604,27.1064642000,2654,0.066681,1258.7504481330,159.1388039404
348646,27.1096585000,2655,0.066681,1258.7504481330,159.1388039404
348688,27.1128118000,2656,0.066681,1258.7504481330,159.1388039404
348730,27.1159316000,2657,0.066681,1258.7504481330,159.1388039404
348772,27.1189795000,2658,0.066681,1258.7504481330,159.1388039404
348814,27.1219937000,2659,0.066681,1258.7504481330,159.1388039404
348856,27.1250397000,2660,0.066681,1258.7504481330,159.1388039404
348898,27.1280543000,2661,0.066681,1258.7504481330,159.1388039404
348940,27.1310581000,2662,0.066681,1258.7504481330,159.1388039404
348982,27.1340928000,2663,0.066681,1258.7504481330,159.1388039404
349024,27.1370952000,2664,0.066681,1258.7504481330,159.1388039404
349066,27.1401249000,2665,0.066681,1258.7504481330,159.1388039404
349108,27.1431720000,2666,0.066681,1258.7504481330,159.1388039404
349150,27.1462370000,2667,0.066681,1258.7504481330,159.1388039404
349192,27.1493014000,2668,0.066681,1258.7504481330,159.1388039404
349234,27.1523201000,2669,0.066681,1258.7504481330,159.1388039404
349276,27.1553464000,2670,0.066681,1258.7504481330,159.1388039404
349318,27.1583799000,2671,0.066681,1258.7504481330,159.1388039404
349360,27.1616867000,2672,0.066681,1258.7504481330,159.1388039404
349401,27.1647523000,2673,0.066680,1258.7504481330,159.1388039404
349442,27.1677547000,2674,0.066679,1258.7504481330,159.1388039404
349483,27.1707038000,2675,0.066652,1258.7504481330,159.0260295423
349524,27.1736549000,2676,0.066651,1258.7504481330,159.0260295423
349565,27.1765772000,2677,0.066650,1258.7504481330,159.0260295423
349606,27.1795629000,2678,0.066636,1258.7504481330,158.9679399207
349647,27.1825097000,2679,0.066635,1258.7504481330,158.9679399207
349688,27.1854469000,2680,0.066635,1258.7504481330,158.9679399207
349729,27.1889462000,2681,0.066634,1258.7504481330,158.9679399207
349770,27.1922417000,2682,0.066633,1258.7504481330,158.9679399207
349811,27.1954595000,2683,0.066630,1258.7504481330,158.9580356913
349852,27.1986391000,2684,0.066630,1258.7504481330,158.9580356913
349893,27.2016934000,2685,0.066629,1258.7504481330,158.9580356913
349934,27.2052288000,2686,0.066628,1258.7504481330,158.9580356913
349975,27.2085491000,2687,0.066627,1258.7504481330,158.9580356913
350016,27.2118185000,2688,0.066627,1258.7504481330,158.9580356913
350057,27.2151208000,2689,0.066626,1258.7504481330,158.9580356913
350098,27.2183703000,2690,0.066625,1258.7504481330,158.9580356913
350139,27.2214205000,2691,0.066625,1258.7504481330,158.9580356913
350180,27.2247401000,2692,0.066624,1258.7504481330,158.9580356913
350221,27.2279302000,2693,0.066623,1258.7504481330,158.9580356913
350262,27.2310151000,2694,0.066623,1258.7504481330,158.9580356913
350303,27.2341885000,2695,0.066622,1258.7504481330,158.9580356913
350344,27.2375408000,2696,0.066621,1258.7504481330,158.9580356913
350385,27.2407376000,2697,0.066535,1258.7504481330,158.5970356913
350426,27.2437676000,2698,0.066534,1258.7504481330,158.5970356913
350467,27.2470658000,2699,0.066534,1258.7504481330,158.5970356913
350508,27.2504012000,2700,0.066533,1258.7504481330,158.5970356913
350549,27.2537209000,2701,0.066533,1258.7504481330,158.5970356913
350590,27.2568511000,2702,0.066533,1258.7504481330,158.5970356913
350631,27.2599734000,2703,0.066533,1258.7504481330,158.5970356913
350672,27.2633745000,2704,0.066503,1258.7504481330,158.4702913628
350713,27.2667040000,2705,0.066502,1258.7504481330,158.4702913628
350753,27.2696484000,2706,0.066492,1258.7504481330,158.4262913628
350793,27.2725347000,2707,0.066492,1258.7504481330,158.4262913628
350833,27.2754359000,2708,0.066491,1258.7504481330,158.4262913628
350873,27.2783520000,2709,0.066491,1258.7504481330,158.4262913628
350913,27.2812186000,2710,0.066491,1258.7504481330,158.4262913628
350953,27.2840889000,2711,0.066491,1258.7504481330,158.4262913628
350993,27.2872243000,2712,0.066490,1258.7504481330,158.4262913628
351033,27.2903622000,2713,0.066490,1258.7504481330,158.4262913628
351073,27.2933730000,2714,0.066490,1258.7504481330,158.4262913628
351113,27.2967373000,2715,0.066490,1258.7504481330,158.4262913628
351153,27.2998899000,2716,0.066490,1258.7504481330,158.4262913628
351193,27.3028356000,2717,0.066489,1258.7504481330,158.4262913628
351233,27.3057488000,2718,0.066489,1258.7504481330,158.4262913628
351273,27.3088057000,2719,0.066489,1258.7504481330,158.4262913628
351313,27.3119375000,2720,0.066489,1258.7504481330,158.4262913628
351353,27.3152311000,2721,0.066489,1258.7504481330,158.4262913628
351393,27.3183319000,2722,0.066488,1258.7504481330,158.4262913628
351433,27.3213944000,2723,0.066488,1258.7504481330,158.4262913628
351473,27.3247673000,2724,0.066488,1258.7504481330,158.4262913628
351513,27.3278736000,2725,0.066488,1258.7504481330,158.4262913628
351553,27.3308027000,2726,0.066487,1258.7504481330,158.4262913628
351593,27.3342782000,2727,0.066487,1258.7504481330,158.4262913628
351633,27.3375491000,2728,0.066487,1258.7504481330,158.4262913628
351673,27.3413412000,2729,0.066487,1258.7504481330,158.4262913628
351713,27.3445853000,2730,0.066487,1258.7504481330,158.4262913628
351753,27.3477485000,2731,0.066486,1258.7504481330,158.4262913628
351793,27.3510760000,2732,0.066486,1258.7504481330,158.4262913628
351833,27.3544304000,2733,0.066485,1258.7504481330,158.4227751689
351873,27.3575548000,2734,0.066485,1258.7504481330,158.4227751689
351913,27.3605204000,2735,0.066484,1258.7504481330,158.4227751689
351953,27.3636053000,2736,0.066484,1258.7504481330,158.4227751689
351993,27.3669159000,2737,0.066484,1258.7504481330,158.4227751689
352033,27.3702252000,2738,0.066484,1258.7504481330,158.4227751689
352072,27.3733881000,2739,0.066483,1258.7504481330,158.4227751689
352111,27.3763074000,2740,0.066483,1258.7504481330,158.4227751689
352150,27.3796700000,2741,0.066483,1258.7504481330,158.4227751689
352189,27.3830740000,2742,0.066483,1258.7504481330,158.4227751689
352228,27.3863895000,2743,0.066482,1258.7504481330,158.4227751689
352267,27.3894849000,2744,0.066482,1258.7504481330,158.4227751689
352306,27.3925378000,2745,0.066482,1258.7504481330,158.4227751689
352345,27.3956308000,2746,0.066482,1258.7504481330,158.4227751689
352384,27.3986638000,2747,0.066481,1258.7504481330,158.4227751689
352423,27.4016664000,2748,0.066439,1258.7504481330,158.2441881839
352462,27.4046285000,2749,0.066439,1258.7504481330,158.2441881839
352501,27.4075076000,2750,0.066438,1258.7504481330,158.2441881839
352540,27.4111851000,2751,0.066438,1258.7504481330,158.2441881839
352579,27.4141725000,2752,0.066438,1258.7504481330,158.2441881839
352618,27.4173452000,2753,0.066438,1258.7504481330,158.2441881839
352657,27.4201803000,2754,0.066437,1258.7504481330,158.2441881839
352696,27.4230129000,2755,0.066437,1258.7504481330,158.2441881839
352735,27.4259749000,2756,0.066437,1258.7504481330,158.2441881839
352774,27.4296145000,2757,0.066437,1258.7504481330,158.2441881839
352813,27.4326006000,2758,0.066436,1258.7504481330,158.2441881839
352852,27.4355218000,2759,0.066436,1258.7504481330,158.2441881839
352891,27.4384007000,2760,0.066436,1258.7504481330,158.2441881839
352930,27.4412818000,2761,0.066435,1258.7504481330,158.2441881839
352969,27.4441393000,2762,0.066435,1258.7504481330,158.2441881839
353008,27.4470037000,2763,0.066435,1258.7504481330,158.2441881839
353047,27.4498934000,2764,0.066434,1258.7504481330,158.2441881839
353086,27.4527275000,2765,0.066434,1258.7504481330,158.2441881839
353125,27.4555582000,2766,0.066409,1258.7504481330,158.1432008034
353164,27.4584621000,2767,0.066409,1258.7504481330,158.1432008034
353203,27.4612932000,2768,0.066409,1258.7504481330,158.1432008034
353242,27.4641269000,2769,0.066408,1258.7504481330,158.1432008034
353281,27.4672353000,2770,0.066408,1258.7504481330,158.1432008034
353320,27.4702622000,2771,0.066408,1258.7504481330,158.1432008034
353359,27.4735268000,2772,0.066407,1258.7504481330,158.1432008034
353398,27.4765175000,2773,0.066407,1258.7504481330,158.1417349570
353436,27.4795006000,2774,0.066406,1258.7504481330,158.1417349570
353474,27.4825479000,2775,0.066406,1258.7504481330,158.1417349570
353512,27.4856404000,2776,0.066405,1258.7504481330,158.1417349570
353550,27.4885765000,2777,0.066405,1258.7504481330,158.1417349570
353588,27.4914341000,2778,0.066405,1258.7504481330,158.1417349570
353626,27.4942841000,2779,0.066404,1258.7504481330,158.1417349570
353664,27.4971511000,2780,0.066404,1258.7504481330,158.1417349570
353702,27.5003056000,2781,0.066357,1258.7890793752,157.9430451714
353740,27.5035188000,2782,0.066357,1258.7890793752,157.9430451714
353778,27.5063724000,2783,0.066357,1258.7890793752,157.9430451714
353816,27.5092874000,2784,0.066356,1258.7890793752,157.9430451714
353854,27.5121668000,2785,0.066356,1258.7890793752,157.9430451714
353892,27.5150629000,2786,0.066356,1258.7890793752,157.9430451714
353930,27.5178634000,2787,0.066355,1258.7890793752,157.9430451714
353968,27.5209416000,2788,0.066244,1258.7890793752,157.4740451714
354006,27.5239504000,2789,0.066244,1258.7890793752,157.4740451714
354044,27.5267840000,2790,0.066244,1258.7890793752,157.4740451714
354082,27.5297346000,2791,0.066244,1258.7890793752,157.4740451714
354120,27.5326071000,2792,0.066244,1258.7890793752,157.4740451714
354158,27.5355208000,2793,0.066244,1258.7890793752,157.4740451714
354196,27.5384213000,2794,0.066243,1258.7890793752,157.4579035962
354234,27.5413912000,2795,0.066243,1258.7890793752,157.4579035962
354272,27.5443949000,2796,0.066243,1258.7890793752,157.4579035962
354310,27.5472400000,2797,0.066243,1258.7890793752,157.4579035962
354348,27.5502072000,2798,0.066243,1258.7890793752,157.4579035962
354386,27.5531176000,2799,0.066243,1258.7890793752,157.4579035962
354424,27.5558742000,2800,0.066243,1258.7890793752,157.4579035962
354462,27.5587707000,2801,0.066243,1258.7890793752,157.4579035962
354500,27.5616788000,2802,0.066243,1258.7890793752,157.4579035962
354538,27.5644169000,2803,0.066243,1258.7890793752,157.4579035962
354576,27.5691423000,2804,0.066243,1258.7890793752,157.4579035962
354614,27.5721704000,2805,0.066243,1258.7890793752,157.4579035962
354652,27.5752259000,2806,0.066243,1258.7890793752,157.4579035962
354690,27.5783054000,2807,0.066243,1258.7890793752,157.4579035962
354728,27.5817777000,2808,0.066243,1258.7890793752,157.4579035962
354766,27.5846407000,2809,0.066243,1258.7890793752,157.4579035962
354803,27.5876129000,2810,0.066243,1258.7890793752,157.4579035962
354840,27.5903167000,2811,0.066243,1258.7890793752,157.4579035962
354877,27.5929935000,2812,0.066243,1258.7890793752,157.4579035962
354914,27.5962462000,2813,0.066243,1258.7890793752,157.4579035962
354951,27.5992039000,2814,0.066187,1258.7890793752,157.1800569496
354988,27.6019161000,2815,0.066187,1258.7890793752,157.1800569496
355025,27.6046148000,2816,0.066187,1258.7890793752,157.1800569496
355062,27.6074656000,2817,0.066187,1258.7890793752,157.1800569496
355099,27.6103606000,2818,0.066187,1258.7890793752,157.1800569496
355136,27.6133553000,2819,0.066187,1258.7890793752,157.1800569496
355173,27.6162679000,2820,0.066186,1258.7890793752,157.1800569496
355210,27.6194636000,2821,0.066186,1258.7890793752,157.1800569496
355247,27.6223305000,2822,0.066185,1258.7890793752,157.1800569496
355284,27.6255800000,2823,0.066185,1258.7890793752,157.1800569496
355321,27.6285374000,2824,0.066184,1258.7890793752,157.1800569496
355358,27.6313718000,2825,0.066180,1258.7890793752,157.1627963134
355395,27.6340592000,2826,0.066179,1258.7890793752,157.1627963134
355432,27.6369006000,2827,0.066179,1258.7890793752,157.1627963134
355469,27.6398449000,2828,0.066178,1258.7890793752,157.1627963134
355506,27.6427752000,2829,0.066151,1258.7890793752,157.0477963134
355543,27.6456925000,2830,0.066150,1258.7890793752,157.0477963134
355580,27.6486543000,2831,0.066150,1258.7890793752,157.0477963134
355617,27.6513511000,2832,0.066149,1258.7890793752,157.0477963134
355654,27.6543813000,2833,0.066149,1258.7890793752,157.0477963134
355691,27.6572610000,2834,0.066148,1258.7890793752,157.0477963134
355728,27.6602289000,2835,0.066049,1258.7890793752,156.6317963134
355765,27.6636697000,2836,0.066049,1258.7890793752,156.6317963134
355802,27.6668153000,2837,0.066048,1258.7890793752,156.6317963134
355839,27.6697358000,2838,0.066048,1258.7890793752,156.6317963134
355876,27.6726730000,2839,0.066047,1258.7890793752,156.6317963134
355913,27.6757496000,2840,0.066040,1258.7890793752,156.6038546066
355950,27.6788112000,2841,0.066039,1258.7890793752,156.6038546066
355987,27.6817627000,2842,0.066035,1258.7890793752,156.5883283320
356024,27.6844611000,2843,0.066035,1258.7890793752,156.5883283320
356061,27.6873409000,2844,0.066034,1258.7890793752,156.5883283320
356098,27.6902206000,2845,0.066034,1258.7890793752,156.5883283320
356134,27.6928524000,2846,0.066034,1258.7890793752,156.5883283320
356170,27.6957025000,2847,0.066034,1258.7890793752,156.5883283320
356206,27.6987905000,2848,0.066034,1258.7890793752,156.5883283320
356242,27.7016416000,2849,0.066034,1258.7890793752,156.5883283320
356278,27.7046323000,2850,0.066020,1258.7890793752,156.5248525807
356314,27.7077519000,2851,0.065564,1247.8679964123,155.6574612849
356350,27.7104466000,2852,0.065564,1247.8679964123,155.6574612849
356386,27.7132581000,2853,0.065564,1247.8679964123,155.6574612849
356422,27.7160104000,2854,0.065564,1247.8679964123,155.6574612849
356458,27.7188551000,2855,0.065564,1247.8679964123,155.6574612849
356494,27.7217163000,2856,0.065564,1247.8679964123,155.6518667902
356530,27.7243948000,2857,0.065564,1247.8679964123,155.6518667902
356566,27.7269841000,2858,0.065564,1247.8679964123,155.6518667902
356602,27.7296061000,2859,0.065564,1247.8679964123,155.6518667902
356638,27.7322137000,2860,0.065564,1247.8679964123,155.6518667902
356674,27.7348333000,2861,0.065564,1247.8679964123,155.6518667902
356710,27.7376725000,2862,0.065564,1247.8679964123,155.6518667902
356746,27.7405079000,2863,0.065564,1247.8679964123,155.6518667902
356782,27.7433364000,2864,0.065564,1247.8679964123,155.6518667902
356818,27.7461001000,2865,0.065564,1247.8679964123,155.6518667902
356854,27.7490042000,2866,0.065564,1247.8679964123,155.6518667902
356890,27.7517673000,2867,0.065564,1247.8679964123,155.6518667902
356926,27.7547490000,2868,0.065564,1247.8679964123,155.6518667902
356962,27.7579118000,2869,0.065564,1247.8679964123,155.6518667902
356998,27.7607061000,2870,0.065564,1247.8679964123,155.6518667902
357034,27.7637150000,2871,0.065564,1247.8679964123,155.6437354535
357070,27.7667374000,2872,0.065564,1247.8679964123,155.6437354535
357106,27.7695818000,2873,0.065564,1247.8679964123,155.6437354535
357142,27.7722544000,2874,0.065564,1247.8679964123,155.6437354535
357178,27.7754058000,2875,0.065564,1247.8679964123,155.6437354535
357214,27.7783923000,2876,0.065564,1247.8679964123,155.6437354535
357250,27.7810862000,2877,0.065564,1247.8679964123,155.6437354535
357286,27.7841636000,2878,0.065564,1247.8679964123,155.6437354535
357322,27.7873023000,2879,0.065564,1247.8679964123,155.6437354535
357358,27.7904038000,2880,0.065564,1247.8679964123,155.6437354535
357394,27.7932602000,2881,0.065564,1247.8679964123,155.6437354535
357430,27.7960692000,2882,0.065564,1247.8679964123,155.6437354535
357466,27.7990002000,2883,0.065564,1247.8679964123,155.6437354535
357501,27.8018760000,2884,0.065564,1247.8679964123,155.6437354535
357536,27.8046513000,2885,0.065564,1247.8679964123,155.6437354535
357571,27.8072750000,2886,0.065564,1247.8679964123,155.6437354535
357606,27.8098994000,2887,0.065564,1247.8679964123,155.6437354535
357641,27.8124335000,2888,0.065564,1247.8679964123,155.6437354535
357676,27.8152726000,2889,0.065564,1247.8679964123,155.6437354535
357711,27.8179611000,2890,0.065407,1241.9279964123,155.5524191745
357746,27.8208400000,2891,0.065407,1241.9279964123,155.5524191745
357781,27.8235325000,2892,0.065406,1241.9279964123,155.5524191745
357816,27.8263376000,2893,0.065406,1241.9279964123,155.5524191745
357851,27.8294294000,2894,0.065406,1241.9279964123,155.5524191745
357886,27.8320325000,2895,0.065406,1241.9279964123,155.5524191745
357921,27.8346248000,2896,0.065405,1241.9279964123,155.5524191745
357956,27.8374344000,2897,0.065405,1241.9279964123,155.5524191745
357991,27.8402745000,2898,0.065360,1241.9279964123,155.3641351518
358026,27.8428979000,2899,0.065360,1241.9279964123,155.3641351518
358061,27.8457811000,2900,0.065360,1241.9279964123,155.3641351518
358096,27.8487540000,2901,0.065359,1241.9279964123,155.3641351518
358131,27.8514863000,2902,0.065359,1241.9279964123,155.3641351518
358166,27.8543435000,2903,0.065359,1241.9279964123,155.3641351518
358201,27.8569092000,2904,0.065359,1241.9279964123,155.3641351518
358236,27.8596727000,2905,0.065359,1241.9279964123,155.3641351518
358271,27.8626937000,2906,0.065359,1241.9279964123,155.3641351518
358306,27.8653385000,2907,0.065359,1241.9279964123,155.3641351518
358341,27.8679369000,2908,0.065359,1241.9279964123,155.3641351518
358376,27.8707937000,2909,0.065359,1241.9279964123,155.3641351518
358411,27.8734845000,2910,0.065359,1241.9279964123,155.3641351518
358446,27.8764515000,2911,0.065359,1241.9279964123,155.3641351518
358481,27.8793343000,2912,0.065359,1241.9279964123,155.3641351518
358516,27.8822142000,2913,0.065359,1241.9279964123,155.3641351518
358551,27.8850359000,2914,0.065359,1241.9279964123,155.3641351518
358586,27.8877648000,2915,0.065359,1241.9279964123,155.3641351518
358621,27.8903372000,2916,0.065359,1241.9279964123,155.3641351518
358656,27.8929964000,2917,0.065339,1241.9279964123,155.2445620155
358691,27.8959260000,2918,0.065339,1241.9279964123,155.2445620155
358726,27.8989626000,2919,0.065339,1241.9279964123,155.2445620155
358761,27.9016909000,2920,0.065339,1241.9279964123,155.2445620155
358796,27.9044448000,2921,0.065339,1241.9279964123,155.2441280563
358830,27.9072392000,2922,0.065339,1241.9279964123,155.2441280563
358864,27.9099147000,2923,0.065339,1241.9279964123,155.2441280563
358898,27.9124231000,2924,0.065339,1241.9279964123,155.2441280563
358932,27.9151352000,2925,0.065295,1241.9279964123,155.0384899451
358966,27.9178202000,2926,0.065295,1241.9279964123,155.0384899451
359000,27.9206790000,2927,0.065295,1241.9279964123,155.0384899451
359034,27.9236717000,2928,0.065295,1241.9279964123,155.0384899451
359068,27.9263191000,2929,0.065295,1241.9279964123,155.0384899451
359102,27.9293026000,2930,0.065295,1241.9279964123,155.0384899451
359136,27.9319115000,2931,0.065295,1241.9279964123,155.0384899451
359170,27.9344295000,2932,0.065295,1241.9279964123,155.0384899451
359204,27.9376185000,2933,0.065295,1241.9279964123,155.0384899451
359238,27.9408149000,2934,0.065295,1241.9279964123,155.0384899451
359272,27.9433433000,2935,0.065285,1241.9279964123,154.9679718428
359306,27.9464339000,2936,0.065285,1241.9279964123,154.9679718428
359340,27.9491482000,2937,0.065285,1241.9279964123,154.9679718428
359374,27.9517875000,2938,0.065285,1241.9279964123,154.9679718428
359408,27.9545715000,2939,0.065285,1241.9279964123,154.9679718428
359442,27.9573321000,2940,0.065285,1241.9279964123,154.9679718428
359476,27.9600050000,2941,0.065285,1241.9279964123,154.9679718428
359510,27.9628560000,2942,0.065285,1241.9279964123,154.9679718428
359544,27.9658221000,2943,0.065285,1241.9279964123,154.9679718428
359578,27.9685877000,2944,0.065285,1241.9279964123,154.9679718428
359612,27.9712431000,2945,0.065285,1241.9279964123,154.9679718428
359646,27.9740764000,2946,0.065285,1241.9279964123,154.9679718428
359680,27.9767278000,2947,0.065285,1241.9279964123,154.9679718428
359714,27.9794838000,2948,0.065242,1241.9279964123,154.7647324576
359748,27.9823569000,2949,0.065242,1241.9279964123,154.7647324576
359782,27.9855002000,2950,0.065242,1241.9279964123,154.7647324576
359816,27.9882280000,2951,0.065242,1241.9279964123,154.7647324576
359850,27.9910046000,2952,0.064569,1258.7890793752,150.2851043985
359884,27.9935422000,2953,0.064569,1258.7890793752,150.2851043985
359918,27.9964701000,2954,0.064569,1258.7890793752,150.2851043985
359952,27.9990726000,2955,0.064569,1258.7890793752,150.2851043985
359986,28.0015785000,2956,0.064569,1258.7890793752,150.2851043985
360020,28.0042940000,2957,0.064568,1258.7890793752,150.2721512132
360054,28.0070757000,2958,0.064568,1258.7890793752,150.2721512132
360088,28.0097330000,2959,0.064568,1258.7890793752,150.2721512132
360122,28.0123046000,2960,0.064568,1258.7890793752,150.2721512132
360156,28.0148893000,2961,0.064568,1258.7890793752,150.2721512132
360189,28.0174596000,2962,0.064568,1258.7890793752,150.2721512132
360222,28.0200753000,2963,0.064568,1258.7890793752,150.2721512132
360255,28.0224972000,2964,0.064568,1258.7890793752,150.2721512132
360288,28.0252206000,2965,0.064568,1258.7890793752,150.2721512132
360321,28.0277275000,2966,0.064568,1258.7890793752,150.2721512132
360354,28.0302954000,2967,0.064568,1258.7890793752,150.2721512132
360387,28.0333622000,2968,0.064568,1258.7890793752,150.2721512132
360420,28.0362636000,2969,0.064568,1258.7890793752,150.2721512132
360453,28.0389488000,2970,0.064568,1258.7890793752,150.2721512132
360486,28.0415908000,2971,0.064568,1258.7890793752,150.2721512132
360519,28.0443167000,2972,0.064568,1258.7890793752,150.2721512132
360552,28.0470182000,2973,0.064539,1258.7890793752,150.1475381520
360585,28.0500983000,2974,0.064538,1258.7890793752,150.1475381520
360618,28.0527107000,2975,0.064538,1258.7890793752,150.1475381520
360651,28.0554294000,2976,0.064538,1258.7890793752,150.1475381520
360684,28.0578745000,2977,0.064538,1258.7890793752,150.1475381520
360717,28.0603274000,2978,0.064537,1258.7890793752,150.1475381520
360750,28.0631282000,2979,0.064537,1258.7890793752,150.1475381520
360783,28.0659144000,2980,0.064537,1258.7890793752,150.1475381520
360816,28.0683775000,2981,0.064537,1258.7890793752,150.1475381520
360849,28.0709065000,2982,0.064534,1258.7890793752,150.1390410297
360882,28.0734703000,2983,0.064534,1258.7890793752,150.1390410297
360915,28.0762749000,2984,0.064534,1258.7890793752,150.1390410297
360948,28.0787995000,2985,0.064534,1258.7890793752,150.1390410297
360981,28.0816274000,2986,0.064534,1258.7890793752,150.1390410297
361014,28.0841506000,2987,0.064533,1258.7890793752,150.1390410297
361047,28.0868458000,2988,0.064533,1258.7890793752,150.1390410297
361080,28.0894767000,2989,0.064533,1258.7890793752,150.1390410297
361113,28.0919551000,2990,0.064533,1258.7890793752,150.1390410297
361146,28.0943592000,2991,0.064532,1258.7890793752,150.1390410297
361179,28.0968188000,2992,0.064532,1258.7890793752,150.1390410297
361212,28.0992835000,2993,0.064532,1258.7890793752,150.1390410297
361245,28.1017120000,2994,0.064495,1258.7890793752,149.9787416873
361278,28.1041387000,2995,0.064495,1258.7890793752,149.9787416873
361311,28.1065426000,2996,0.064429,1258.7890793752,149.7002086970
361344,28.1089921000,2997,0.064429,1258.7890793752,149.6955998724
361377,28.1114068000,2998,0.064429,1258.7890793752,149.6955998724
361410,28.1138824000,2999,0.064429,1258.7890793752,149.6955998724
361443,28.1163990000,3000,0.064429,1258.7890793752,149.6955998724
361476,28.1190742000,3001,0.064429,1258.7890793752,149.6955998724
361509,28.1215283000,3002,0.064429,1258.7890793752,149.6955998724
361541,28.1239775000,3003,0.064429,1258.7890793752,149.6955998724
361573,28.1264917000,3004,0.064371,1258.7890793752,149.4435998724
361605,28.1293682000,3005,0.064371,1258.7890793752,149.4435998724
361637,28.1323836000,3006,0.064371,1258.7890793752,149.4435998724
361669,28.1348471000,3007,0.064371,1258.7890793752,149.4435998724
361701,28.1372026000,3008,0.064371,1258.7890793752,149.4435998724
361733,28.1395482000,3009,0.064371,1258.7890793752,149.4435998724
361765,28.1419075000,3010,0.064371,1258.7890793752,149.4435998724
361797,28.1442443000,3011,0.064371,1258.7890793752,149.4435998724
361829,28.1465841000,3012,0.064371,1258.7890793752,149.4435998724
361861,28.1489393000,3013,0.064371,1258.7890793752,149.4435998724
361893,28.1512930000,3014,0.064371,1258.7890793752,149.4435998724
361925,28.1539495000,3015,0.064371,1258.7890793752,149.4435998724
361957,28.1565180000,3016,0.064371,1258.7890793752,149.4435998724
361989,28.1588711000,3017,0.064371,1258.7890793752,149.4435998724
362021,28.1614384000,3018,0.064371,1258.7890793752,149.4435998724
362053,28.1638969000,3019,0.064371,1258.7890793752,149.4435998724
362085,28.1662820000,3020,0.064371,1258.7890793752,149.4435998724
362117,28.1686700000,3021,0.064371,1258.7890793752,149.4435998724
362149,28.1711921000,3022,0.064337,1258.7890793752,149.2751998804
362181,28.1741287000,3023,0.064331,1258.7890793752,149.2519872017
362213,28.1767762000,3024,0.064331,1258.7890793752,149.2519872017
362245,28.1798412000,3025,0.064331,1258.7890793752,149.2519872017
362277,28.1826019000,3026,0.064330,1258.7890793752,149.2519872017
362309,28.1850755000,3027,0.064330,1258.7890793752,149.2519872017
362341,28.1875178000,3028,0.064330,1258.7890793752,149.2519872017
362373,28.1901084000,3029,0.064329,1258.7890793752,149.2519872017
362405,28.1926427000,3030,0.064329,1258.7890793752,149.2519872017
362437,28.1950816000,3031,0.064318,1258.7890793752,149.2070670293
362469,28.1974289000,3032,0.064317,1258.7890793752,149.2070670293
362501,28.1999574000,3033,0.064317,1258.7890793752,149.2070670293
362533,28.2022954000,3034,0.064317,1258.7890793752,149.2070670293
362565,28.2046538000,3035,0.064316,1258.7890793752,149.2070670293
362597,28.2069782000,3036,0.064316,1258.7890793752,149.2070670293
362629,28.2093980000,3037,0.064316,1258.7890793752,149.2070670293
362661,28.2121931000,3038,0.064315,1258.7890793752,149.2070670293
362693,28.2148040000,3039,0.064315,1258.7890793752,149.2070670293
362725,28.2175169000,3040,0.064314,1258.7890793752,149.2070670293
362757,28.2203223000,3041,0.064314,1258.7890793752,149.2070670293
362789,28.2228745000,3042,0.064314,1258.7890793752,149.2070670293
362821,28.2257459000,3043,0.064313,1258.7890793752,149.2070670293
362853,28.2285029000,3044,0.064313,1258.7890793752,149.2070670293
362884,28.2308088000,3045,0.064313,1258.7890793752,149.2070670293
362915,28.2335571000,3046,0.064312,1258.7890793752,149.2070670293
362946,28.2362170000,3047,0.064312,1258.7890793752,149.2070670293
362977,28.2385876000,3048,0.064312,1258.7890793752,149.2070670293
363008,28.2409814000,3049,0.064311,1258.7890793752,149.2070670293
363039,28.2434607000,3050,0.064311,1258.7890793752,149.2070670293
363070,28.2461535000,3051,0.064310,1258.7890793752,149.2070670293
363101,28.2486212000,3052,0.064310,1258.7890793752,149.2070670293
363132,28.2510900000,3053,0.064310,1258.7890793752,149.2070670293
363163,28.2536787000,3054,0.064165,1258.7890793752,148.5857300252
363194,28.2561289000,3055,0.064165,1258.7890793752,148.5857300252
363225,28.2585482000,3056,0.064165,1258.7890793752,148.5857300252
363256,28.2610269000,3057,0.064165,1258.7890793752,148.5857300252
363287,28.2639954000,3058,0.064165,1258.7890793752,148.5857300252
363318,28.2664795000,3059,0.064165,1258.7890793752,148.5857300252
363349,28.2687982000,3060,0.064165,1258.7890793752,148.5857300252
363380,28.2713636000,3061,0.064165,1258.7890793752,148.5857300252
363411,28.2740556000,3062,0.064165,1258.7890793752,148.5857300252
363442,28.2764239000,3063,0.064165,1258.7890793752,148.5857300252
363473,28.2789335000,3064,0.064165,1258.7890793752,148.5857300252
363504,28.2816746000,3065,0.064165,1258.7890793752,148.5857300252
363535,28.2843106000,3066,0.064088,1258.7890793752,148.2400517470
363566,28.2869451000,3067,0.064088,1258.7890793752,148.2400517470
363597,28.2893914000,3068,0.064088,1258.7890793752,148.2400517470
363628,28.2921501000,3069,0.064088,1258.7890793752,148.2400517470
363659,28.2945418000,3070,0.064088,1258.7890793752,148.2400517470
363690,28.2969816000,3071,0.064088,1258.7890793752,148.2400517470
363721,28.2995315000,3072,0.064088,1258.7890793752,148.2400517470
363752,28.3020299000,3073,0.064088,1258.7890793752,148.2400517470
363783,28.3047664000,3074,0.064088,1258.7890793752,148.2400517470
363814,28.3072971000,3075,0.064088,1258.7890793752,148.2400517470
363845,28.3099151000,3076,0.064088,1258.7890793752,148.2400517470
363876,28.3123973000,3077,0.064051,1258.7890793752,148.0620517470
363907,28.3146840000,3078,0.064051,1258.7890793752,148.0620517470
363938,28.3170725000,3079,0.064051,1258.7890793752,148.0620517470
363969,28.3194437000,3080,0.064051,1258.7890793752,148.0620517470
364000,28.3218377000,3081,0.064051,1258.7890793752,148.0620517470
364031,28.3242932000,3082,0.064051,1258.7890793752,148.0620517470
364062,28.3265502000,3083,0.064051,1258.7890793752,148.0620517470
364093,28.3290391000,3084,0.064051,1258.7890793752,148.0620517470
364124,28.3313056000,3085,0.064051,1258.7890793752,148.0620517470
364155,28.3338286000,3086,0.064051,1258.7890793752,148.0620517470
364186,28.3367007000,3087,0.064051,1258.7890793752,148.0603135933
364217,28.3390730000,3088,0.064051,1258.7890793752,148.0603135933
364247,28.3416689000,3089,0.064045,1258.7890793752,148.0232374822
364277,28.3438892000,3090,0.064045,1258.7890793752,148.0232374822
364307,28.3461108000,3091,0.064045,1258.7890793752,148.0232374822
364337,28.3483230000,3092,0.064045,1258.7890793752,148.0232374822
364367,28.3505585000,3093,0.064045,1258.7890793752,148.0232374822
364397,28.3529332000,3094,0.064045,1258.7890793752,148.0232374822
364427,28.3554737000,3095,0.064045,1258.7890793752,148.0232374822
364457,28.3582422000,3096,0.064045,1258.7890793752,148.0232374822
364487,28.3611719000,3097,0.064045,1258.7890793752,148.0232374822
364517,28.3636518000,3098,0.064045,1258.7890793752,148.0232374822
364547,28.3662800000,3099,0.064045,1258.7890793752,148.0232374822
364577,28.3685196000,3100,0.064045,1258.7890793752,148.0232374822
364607,28.3711561000,3101,0.064045,1258.7890793752,148.0232374822
364637,28.3737847000,3102,0.064045,1258.7890793752,148.0232374822
364667,28.3761060000,3103,0.064045,1258.7890793752,148.0232374822
364697,28.3787188000,3104,0.064045,1258.7890793752,148.0232374822
364727,28.3809816000,3105,0.064045,1258.7890793752,148.0232374822
364757,28.3834874000,3106,0.064045,1258.7890793752,148.0232374822
364787,28.3858956000,3107,0.064045,1258.7890793752,148.0232374822
364817,28.3881505000,3108,0.064045,1258.7890793752,148.0232374822
364847,28.3905391000,3109,0.064045,1258.7890793752,148.0232374822
364877,28.3927186000,3110,0.064045,1258.7890793752,148.0170903694
364907,28.3950708000,3111,0.064045,1258.7890793752,148.0170903694
364937,28.3974731000,3112,0.064045,1258.7890793752,148.0170903694
364967,28.4001674000,3113,0.064045,1258.7890793752,148.0170903694
364997,28.4026047000,3114,0.064045,1258.7890793752,148.0170903694
365027,28.4051092000,3115,0.064045,1258.7890793752,148.0170903694
365057,28.4077406000,3116,0.064045,1258.7890793752,148.0170903694
365087,28.4099764000,3117,0.064045,1258.7890793752,148.0170903694
365117,28.4124081000,3118,0.064045,1258.7890793752,148.0170903694
365147,28.4148749000,3119,0.064045,1258.7890793752,148.0170903694
365177,28.4174197000,3120,0.064045,1258.7890793752,148.0170903694
365207,28.4197747000,3121,0.064045,1258.7890793752,148.0170903694
365237,28.4221462000,3122,0.064045,1258.7890793752,148.0170903694
365267,28.4243581000,3123,0.064045,1258.7890793752,148.0170903694
365297,28.4265438000,3124,0.063993,1258.7890793752,147.7926567302
365327,28.4287773000,3125,0.063993,1258.7890793752,147.7926567302
365357,28.4309882000,3126,0.063993,1258.7890793752,147.7926567302
365387,28.4331797000,3127,0.063993,1258.7890793752,147.7926567302
365417,28.4355779000,3128,0.063993,1258.7890793752,147.7926567302
365447,28.4382078000,3129,0.063993,1258.7890793752,147.7926567302
365477,28.4404611000,3130,0.063993,1258.7890793752,147.7926567302
365507,28.4426553000,3131,0.063993,1258.7890793752,147.7926567302
365537,28.4448392000,3132,0.063993,1258.7890793752,147.7926567302
365567,28.4480578000,3133,0.063992,1258.7890793752,147.7926567302
365596,28.4508819000,3134,0.063992,1258.7890793752,147.7926567302
365625,28.4533109000,3135,0.063992,1258.7890793752,147.7926567302
365654,28.4558918000,3136,0.063992,1258.7890793752,147.7926567302
365683,28.4583495000,3137,0.063992,1258.7890793752,147.7926567302
365712,28.4608352000,3138,0.063992,1258.7890793752,147.7926567302
365741,28.4630754000,3139,0.063992,1258.7890793752,147.7926567302
365770,28.4654205000,3140,0.063991,1258.7890793752,147.7926567302
365799,28.4677384000,3141,0.063991,1258.7890793752,147.7926567302
365828,28.4699330000,3142,0.063990,1258.7890793752,147.7926567302
365857,28.4720634000,3143,0.063990,1258.7890793752,147.7926567302
365886,28.4743029000,3144,0.063989,1258.7890793752,147.7926567302
365915,28.4766190000,3145,0.063989,1258.7890793752,147.7926567302
365944,28.4788702000,3146,0.063988,1258.7890793752,147.7926567302
365973,28.4811395000,3147,0.063880,1258.7890793752,147.3386567302
366002,28.4835946000,3148,0.063880,1258.7890793752,147.3386567302
366031,28.4861568000,3149,0.063879,1258.7890793752,147.3386567302
366060,28.4885604000,3150,0.063879,1258.7890793752,147.3386567302
366089,28.4909655000,3151,0.063878,1258.7890793752,147.3386567302
366118,28.4933292000,3152,0.063878,1258.7890793752,147.3386567302
366147,28.4959986000,3153,0.063877,1258.7890793752,147.3386567302
366176,28.4987500000,3154,0.063877,1258.7890793752,147.3386567302
366205,28.5011346000,3155,0.063876,1258.7890793752,147.3386567302
366234,28.5040131000,3156,0.063876,1258.7890793752,147.3386567302
366263,28.5063920000,3157,0.063875,1258.7890793752,147.3386567302
366292,28.5085551000,3158,0.063875,1258.7890793752,147.3386567302
366321,28.5107095000,3159,0.063874,1258.7890793752,147.3386567302
366350,28.5130307000,3160,0.063874,1258.7890793752,147.3386567302
366379,28.5152150000,3161,0.063873,1258.7890793752,147.3386567302
366408,28.5173480000,3162,0.063873,1258.7890793752,147.3386567302
366437,28.5197736000,3163,0.063872,1258.7890793752,147.3386567302
366466,28.5221353000,3164,0.063872,1258.7890793752,147.3386567302
366495,28.5246600000,3165,0.063858,1258.7890793752,147.2820425622
366524,28.5270382000,3166,0.063857,1258.7890793752,147.2820425622
366553,28.5293275000,3167,0.063857,1258.7890793752,147.2820425622
366582,28.5315893000,3168,0.063856,1258.7890793752,147.2820425622
366611,28.5339412000,3169,0.063856,1258.7890793752,147.2820425622
366640,28.5367656000,3170,0.063856,1258.7890793752,147.2820425622
366669,28.5391220000,3171,0.063856,1258.7890793752,147.2820425622
366698,28.5415156000,3172,0.063836,1258.7890793752,147.1960430790
366727,28.5437478000,3173,0.063836,1258.7890793752,147.1960430790
366756,28.5459861000,3174,0.063836,1258.7890793752,147.1960430790
366785,28.5482097000,3175,0.063836,1258.7890793752,147.1960430790
366814,28.5505428000,3176,0.063836,1258.7890793752,147.1960430790
366843,28.5528953000,3177,0.063835,1258.7890793752,147.1960430790
366872,28.5551110000,3178,0.063835,1258.7890793752,147.1960430790
366901,28.5576763000,3179,0.063835,1258.7890793752,147.1960430790
366929,28.5598212000,3180,0.063835,1258.7890793752,147.1960430790
366957,28.5618943000,3181,0.063835,1258.7890793752,147.1960430790
366985,28.5639842000,3182,0.063835,1258.7890793752,147.1960430790
367013,28.5660561000,3183,0.063835,1258.7890793752,147.1960430790
367041,28.5681120000,3184,0.063835,1258.7890793752,147.1960430790
367069,28.5701571000,3185,0.063835,1258.7890793752,147.1960430790
367097,28.5721995000,3186,0.063835,1258.7890793752,147.1960430790
367125,28.5742869000,3187,0.063835,1258.7890793752,147.1960430790
367153,28.5763884000,3188,0.063835,1258.7890793752,147.1960430790
367181,28.5784361000,3189,0.063835,1258.7890793752,147.1960430790
367209,28.5805296000,3190,0.063835,1258.7890793752,147.1960430790
367237,28.5826079000,3191,0.063835,1258.7890793752,147.1960430790
367265,28.5847114000,3192,0.063835,1258.7890793752,147.1960430790
367293,28.5869318000,3193,0.063835,1258.7890793752,147.1960430790
367321,28.5893129000,3194,0.063835,1258.7890793752,147.1960430790
367349,28.5914867000,3195,0.063835,1258.7890793752,147.1960430790
367377,28.5935846000,3196,0.063835,1258.7890793752,147.1960430790
367405,28.5961230000,3197,0.063835,1258.7890793752,147.1960430790
367433,28.5983516000,3198,0.063835,1258.7890793752,147.1960430790
367461,28.6006155000,3199,0.063835,1258.7890793752,147.1960430790
367489,28.6028613000,3200,0.063835,1258.7890793752,147.1960430790
367517,28.6051325000,3201,0.063834,1258.7890793752,147.1960430790
367545,28.6075886000,3202,0.063834,1258.7890793752,147.1960430790
367573,28.6098851000,3203,0.063834,1258.7890793752,147.1960430790
367601,28.6122983000,3204,0.063834,1258.7890793752,147.1960430790
367629,28.6145456000,3205,0.063833,1258.7890793752,147.1960430790
367657,28.6169443000,3206,0.063833,1258.7890793752,147.1960430790
367685,28.6193399000,3207,0.063833,1258.7890793752,147.1960430790
367713,28.6215754000,3208,0.063833,1258.7890793752,147.1960430790
367741,28.6239983000,3209,0.063832,1258.7890793752,147.1960430790
367769,28.6262648000,3210,0.063832,1258.7890793752,147.1960430790
367797,28.6283893000,3211,0.063830,1258.7890793752,147.1881922705
367825,28.6304642000,3212,0.063830,1258.7890793752,147.1881922705
367853,28.6326808000,3213,0.063830,1258.7890793752,147.1881922705
367881,28.6348310000,3214,0.063829,1258.7890793752,147.1881922705
367909,28.6373114000,3215,0.063829,1258.7890793752,147.1881922705
367937,28.6395289000,3216,0.063829,1258.7890793752,147.1881922705
367965,28.6420930000,3217,0.063829,1258.7890793752,147.1881922705
367993,28.6445542000,3218,0.063828,1258.7890793752,147.1881922705
368021,28.6468124000,3219,0.063828,1258.7890793752,147.1881922705
368049,28.6493513000,3220,0.063828,1258.7890793752,147.1881922705
368077,28.6515286000,3221,0.063828,1258.7890793752,147.1881922705
368105,28.6538006000,3222,0.063827,1258.7890793752,147.1881922705
368133,28.6562517000,3223,0.063827,1258.7890793752,147.1881922705
368161,28.6584786000,3224,0.063827,1258.7890793752,147.1881922705
368189,28.6606090000,3225,0.063827,1258.7890793752,147.1881922705
368217,28.6631951000,3226,0.063784,1258.7890793752,147.0102132321
368245,28.6655600000,3227,0.063784,1258.7890793752,147.0102132321
368272,28.6676402000,3228,0.063784,1258.7890793752,147.0102132321
368299,28.6699889000,3229,0.063783,1258.7890793752,147.0102132321
368326,28.6721613000,3230,0.063783,1258.7890793752,147.0102132321
368353,28.6745041000,3231,0.063783,1258.7890793752,147.0102132321
368380,28.6766409000,3232,0.063783,1258.7890793752,147.0102132321
368407,28.6788425000,3233,0.063783,1258.7890793752,147.0102132321
368434,28.6810873000,3234,0.063782,1258.7890793752,147.0102132321
368461,28.6835719000,3235,0.063782,1258.7890793752,147.0102132321
368488,28.6856770000,3236,0.063782,1258.7890793752,147.0102132321
368515,28.6878767000,3237,0.063782,1258.7890793752,147.0102132321
368542,28.6899499000,3238,0.063781,1258.7890793752,147.0102132321
368569,28.6919575000,3239,0.063781,1258.7890793752,147.0102132321
368596,28.6940348000,3240,0.063781,1258.7890793752,147.0102132321
368623,28.6962225000,3241,0.063781,1258.7890793752,147.0102132321
368650,28.6985761000,3242,0.063780,1258.7890793752,147.0102132321
368677,28.7008757000,3243,0.063780,1258.7890793752,147.0102132321
368704,28.7029459000,3244,0.063766,1258.7890793752,146.9505155200
368731,28.7049874000,3245,0.063766,1258.7890793752,146.9505155200
368758,28.7075288000,3246,0.063765,1258.7890793752,146.9505155200
368785,28.7097036000,3247,0.063765,1258.7890793752,146.9505155200
368812,28.7120211000,3248,0.063765,1258.7890793752,146.9505155200
368839,28.7142427000,3249,0.063765,1258.7890793752,146.9505155200
368866,28.7164123000,3250,0.063764,1258.7890793752,146.9505155200
368893,28.7186270000,3251,0.063764,1258.7890793752,146.9505155200
368920,28.7208952000,3252,0.063764,1258.7890793752,146.9505155200
368947,28.7232320000,3253,0.063764,1258.7890793752,146.9505155200
368974,28.7254041000,3254,0.063763,1258.7890793752,146.9489086607
369001,28.7275397000,3255,0.063763,1258.7890793752,146.9489086607
369028,28.7296507000,3256,0.063763,1258.7890793752,146.9489086607
369055,28.7319416000,3257,0.063763,1258.7890793752,146.9489086607
369082,28.7342465000,3258,0.063762,1258.7890793752,146.9489086607
369109,28.7364731000,3259,0.063762,1258.7890793752,146.9489086607
369136,28.7386302000,3260,0.063762,1258.7890793752,146.9489086607
369163,28.7410214000,3261,0.063762,1258.7890793752,146.9489086607
369190,28.7430544000,3262,0.063762,1258.7890793752,146.9489086607
369217,28.7450932000,3263,0.063762,1258.7890793752,146.9489086607
369244,28.7471162000,3264,0.063761,1258.7890793752,146.9489086607
369271,28.7490921000,3265,0.063761,1258.7890793752,146.9489086607
369298,28.7510932000,3266,0.063761,1258.7890793752,146.9489086607
369325,28.7530964000,3267,0.063761,1258.7890793752,146.9489086607
369352,28.7551725000,3268,0.063761,1258.7890793752,146.9489086607
369379,28.7574115000,3269,0.063761,1258.7890793752,146.9489086607
369406,28.7595763000,3270,0.063760,1258.7890793752,146.9489086607
369433,28.7620361000,3271,0.063760,1258.7890793752,146.9489086607
369460,28.7640551000,3272,0.063760,1258.7890793752,146.9489086607
369487,28.7661730000,3273,0.063760,1258.7890793752,146.9489086607
369514,28.7688353000,3274,0.063760,1258.7890793752,146.9489086607
369541,28.7708450000,3275,0.063760,1258.7890793752,146.9489086607
369568,28.7728597000,3276,0.063759,1258.7890793752,146.9489086607
369595,28.7749845000,3277,0.063759,1258.7890793752,146.9489086607
369621,28.7770423000,3278,0.063759,1258.7890793752,146.9489086607
369647,28.7790397000,3279,0.063759,1258.7890793752,146.9489086607
369673,28.7810922000,3280,0.063759,1258.7890793752,146.9489086607
369699,28.7832771000,3281,0.063759,1258.7890793752,146.9489086607
369725,28.7853279000,3282,0.063758,1258.7890793752,146.9489086607
369751,28.7879170000,3283,0.063758,1258.7890793752,146.9489086607
369777,28.7901670000,3284,0.063666,1258.7890793752,146.5584157629
369803,28.7922563000,3285,0.063665,1258.7890793752,146.5584157629
369829,28.7944417000,3286,0.063665,1258.7890793752,146.5584157629
369855,28.7965193000,3287,0.063665,1258.7890793752,146.5584157629
369881,28.7986097000,3288,0.063665,1258.7890793752,146.5584157629
369907,28.8006455000,3289,0.063665,1258.7890793752,146.5584157629
369933,28.8029636000,3290,0.063665,1258.7890793752,146.5584157629
369959,28.8051391000,3291,0.063665,1258.7890793752,146.5584157629
369985,28.8090046000,3292,0.063665,1258.7890793752,146.5584157629
370011,28.8115695000,3293,0.063665,1258.7890793752,146.5584157629
370037,28.8136150000,3294,0.063665,1258.7890793752,146.5584157629
370063,28.8158721000,3295,0.063636,1258.7890793752,146.4319496284
370089,28.8180052000,3296,0.063636,1258.7890793752,146.4319496284
370115,28.8200159000,3297,0.063636,1258.7890793752,146.4319496284
370141,28.8219660000,3298,0.063636,1258.7890793752,146.4319496284
370167,28.8243530000,3299,0.063636,1258.7890793752,146.4319496284
370193,28.8263697000,3300,0.063636,1258.7890793752,146.4319496284
370219,28.8286336000,3301,0.063636,1258.7890793752,146.4319496284
370245,28.8307226000,3302,0.063636,1258.7890793752,146.4319496284
370271,28.8330106000,3303,0.063636,1258.7890793752,146.4319496284
370297,28.8351563000,3304,0.063608,1258.7890793752,146.3133297910
370323,28.8374314000,3305,0.063608,1258.7890793752,146.3133297910
370349,28.8394130000,3306,0.063608,1258.7890793752,146.3133297910
370375,28.8414731000,3307,0.063608,1258.7890793752,146.3133297910
370401,28.8434252000,3308,0.063526,1258.7890793752,145.9674062912
370427,28.8455551000,3309,0.063526,1258.7890793752,145.9674062912
370453,28.8474856000,3310,0.063526,1258.7890793752,145.9674062912
370479,28.8497343000,3311,0.063526,1258.7890793752,145.9674062912
370505,28.8517119000,3312,0.063526,1258.7890793752,145.9674062912
370531,28.8537663000,3313,0.063526,1258.7890793752,145.9674062912
370557,28.8557533000,3314,0.063526,1258.7890793752,145.9674062912
370583,28.8578030000,3315,0.063526,1258.7890793752,145.9674062912
370609,28.8597510000,3316,0.063526,1258.7890793752,145.9674062912
370635,28.8618633000,3317,0.063526,1258.7890793752,145.9674062912
370661,28.8639383000,3318,0.063526,1258.7890793752,145.9674062912
370687,28.8660465000,3319,0.063526,1258.7890793752,145.9674062912
370713,28.8680363000,3320,0.063526,1258.7890793752,145.9674062912
370739,28.8702102000,3321,0.063524,1258.7890793752,145.9574062912
370765,28.8722693000,3322,0.063524,1258.7890793752,145.9574062912
370791,28.8743984000,3323,0.063524,1258.7890793752,145.9574062912
370817,28.8765791000,3324,0.063524,1258.7890793752,145.9574062912
370843,28.8788533000,3325,0.063524,1258.7890793752,145.9574062912
370869,28.8807665000,3326,0.063524,1258.7890793752,145.9574062912
370895,28.8828893000,3327,0.063524,1258.7890793752,145.9574062912
370921,28.8848187000,3328,0.063524,1258.7890793752,145.9574062912
370947,28.8869033000,3329,0.063524,1258.7890793752,145.9574062912
370972,28.8887400000,3330,0.063524,1258.7890793752,145.9574062912
370997,28.8907430000,3331,0.063524,1258.7890793752,145.9574062912
371022,28.8926167000,3332,0.063514,1258.7890793752,145.9116435892
371047,28.8945888000,3333,0.063514,1258.7890793752,145.9116435892
371072,28.8964409000,3334,0.063514,1258.7890793752,145.9116435892
371097,28.8984716000,3335,0.063514,1258.7890793752,145.9116435892
371122,28.9003172000,3336,0.063514,1258.7890793752,145.9116435892
371147,28.9023291000,3337,0.063514,1258.7890793752,145.9116435892
371172,28.9041859000,3338,0.063514,1258.7890793752,145.9116435892
371197,28.9060111000,3339,0.063514,1258.7890793752,145.9116435892
371222,28.9080528000,3340,0.063514,1258.7890793752,145.9116435892
371247,28.9099133000,3341,0.063514,1258.7890793752,145.9116435892
371272,28.9118950000,3342,0.063514,1258.7890793752,145.9116435892
371297,28.9137596000,3343,0.063514,1258.7890793752,145.9116435892
371322,28.9157329000,3344,0.063514,1258.7890793752,145.9116435892
371347,28.9177361000,3345,0.063477,1258.7504481330,145.7620374436
371372,28.9198747000,3346,0.063477,1258.7504481330,145.7598506628
371397,28.9219506000,3347,0.063477,1258.7504481330,145.7598506628
371422,28.9241802000,3348,0.063477,1258.7504481330,145.7598506628
371447,28.9261003000,3349,0.063477,1258.7504481330,145.7598506628
371472,28.9282266000,3350,0.063477,1258.7504481330,145.7598506628
371497,28.9301431000,3351,0.063477,1258.7504481330,145.7598506628
371522,28.9323749000,3352,0.063467,1258.7504481330,145.7141915495
371547,28.9345347000,3353,0.063464,1258.7504481330,145.7004979368
371572,28.9367112000,3354,0.063464,1258.7504481330,145.7004979368
371597,28.9386608000,3355,0.063464,1258.7504481330,145.7004979368
371622,28.9405941000,3356,0.063464,1258.7504481330,145.7004979368
371647,28.9424247000,3357,0.063464,1258.7504481330,145.7004979368
371672,28.9442952000,3358,0.063464,1258.7504481330,145.7004979368
371697,28.9461401000,3359,0.063464,1258.7504481330,145.7004979368
371722,28.9480140000,3360,0.063464,1258.7504481330,145.7004979368
371747,28.9504910000,3361,0.063464,1258.7504481330,145.7004979368
371772,28.9524931000,3362,0.063464,1258.7504481330,145.7004979368
371797,28.9544304000,3363,0.063464,1258.7504481330,145.7004979368
371822,28.9565147000,3364,0.063464,1258.7504481330,145.7004979368
371847,28.9585759000,3365,0.063464,1258.7504481330,145.7004979368
371872,28.9605179000,3366,0.063464,1258.7504481330,145.7004979368
371897,28.9623787000,3367,0.063464,1258.7504481330,145.7004979368
371922,28.9643652000,3368,0.063455,1258.7504481330,145.6526121651
371947,28.9663065000,3369,0.063455,1258.7504481330,145.6526121651
371972,28.9682538000,3370,0.063455,1258.7504481330,145.6526121651
371997,28.9708132000,3371,0.063455,1258.7504481330,145.6526121651
372022,28.9726860000,3372,0.063455,1258.7504481330,145.6526121651
372047,28.9748914000,3373,0.063455,1258.7504481330,145.6526121651
372072,28.9767692000,3374,0.063455,1258.7504481330,145.6526121651
372097,28.9786708000,3375,0.063455,1258.7504481330,145.6526121651
372122,28.9806606000,3376,0.063455,1258.7504481330,145.6526121651
372147,28.9827104000,3377,0.063455,1258.7504481330,145.6526121651
372172,28.9845644000,3378,0.063455,1258.7504481330,145.6526121651
372197,28.9868038000,3379,0.063455,1258.7504481330,145.6526121651
372222,28.9888763000,3380,0.063454,1258.7504481330,145.6526121651
372247,28.9908053000,3381,0.063454,1258.7504481330,145.6526121651
372272,28.9927014000,3382,0.063454,1258.7504481330,145.6526121651
372297,28.9946047000,3383,0.063453,1258.7504481330,145.6526121651
372322,28.9964737000,3384,0.063453,1258.7504481330,145.6526121651
372346,28.9982814000,3385,0.063453,1258.7504481330,145.6526121651
372370,29.0000756000,3386,0.063452,1258.7504481330,145.6526121651
372394,29.0018652000,3387,0.063452,1258.7504481330,145.6526121651
372418,29.0036395000,3388,0.063452,1258.7504481330,145.6526121651
372442,29.0054914000,3389,0.063369,1258.7504481330,145.3040331112
372466,29.0075987000,3390,0.063368,1258.7504481330,145.3040331112
372490,29.0095304000,3391,0.063368,1258.7504481330,145.3040331112
372514,29.0116234000,3392,0.063368,1258.7504481330,145.3040331112
372538,29.0134870000,3393,0.063367,1258.7504481330,145.3040331112
372562,29.0158145000,3394,0.063367,1258.7504481330,145.3040331112
372586,29.0176316000,3395,0.063367,1258.7504481330,145.3040331112
372610,29.0197004000,3396,0.063366,1258.7504481330,145.3040331112
372634,29.0217094000,3397,0.063366,1258.7504481330,145.3040331112
372658,29.0238271000,3398,0.063366,1258.7504481330,145.3040331112
372682,29.0257405000,3399,0.063365,1258.7504481330,145.3040331112
372706,29.0277489000,3400,0.063365,1258.7504481330,145.3040331112
372730,29.0297574000,3401,0.063340,1258.7504481330,145.1993539985
372754,29.0319250000,3402,0.063289,1258.7504481330,144.9871117021
372778,29.0338196000,3403,0.063289,1258.7504481330,144.9871117021
372802,29.0359048000,3404,0.063289,1258.7504481330,144.9871117021
372826,29.0379642000,3405,0.063278,1258.7504481330,144.9415153726
372850,29.0399757000,3406,0.063278,1258.7504481330,144.9415153726
372874,29.0420326000,3407,0.063278,1258.7504481330,144.9415153726
372898,29.0439488000,3408,0.063278,1258.7504481330,144.9415153726
372922,29.0458036000,3409,0.063278,1258.7504481330,144.9415153726
372946,29.0475791000,3410,0.063278,1258.7504481330,144.9415153726
372970,29.0493561000,3411,0.063278,1258.7504481330,144.9415153726
372994,29.0511282000,3412,0.063278,1258.7504481330,144.9415153726
373018,29.0530486000,3413,0.063278,1258.7504481330,144.9415153726
373042,29.0550969000,3414,0.063278,1258.7504481330,144.9415153726
373066,29.0571483000,3415,0.063278,1258.7504481330,144.9415153726
373090,29.0590648000,3416,0.063259,1258.7504481330,144.8587960104
373114,29.0611721000,3417,0.063259,1258.7504481330,144.8587960104
373138,29.0631975000,3418,0.063259,1258.7504481330,144.8587960104
373162,29.0650979000,3419,0.063258,1258.7504481330,144.8518128800
373186,29.0670787000,3420,0.063253,1258.7504481330,144.8300742807
373210,29.0693298000,3421,0.063253,1258.7504481330,144.8300742807
373234,29.0713784000,3422,0.063253,1258.7504481330,144.8300742807
373258,29.0732250000,3423,0.063253,1258.7504481330,144.8300742807
373282,29.0752886000,3424,0.063253,1258.7504481330,144.8300742807
373306,29.0772330000,3425,0.063253,1258.7504481330,144.8300742807
373330,29.0791979000,3426,0.063253,1258.7504481330,144.8300742807
373354,29.0810111000,3427,0.063253,1258.7504481330,144.8300742807
373378,29.0830323000,3428,0.063253,1258.7504481330,144.8289851787
373402,29.0848039000,3429,0.063253,1258.7504481330,144.8289851787
373426,29.0870386000,3430,0.063253,1258.7504481330,144.8289851787
373450,29.0889779000,3431,0.063253,1258.7504481330,144.8289851787
373474,29.0910097000,3432,0.063253,1258.7504481330,144.8289851787
373498,29.0930319000,3433,0.063253,1258.7504481330,144.8289851787
373522,29.0952321000,3434,0.063253,1258.7504481330,144.8289851787
373546,29.0971781000,3435,0.063253,1258.7504481330,144.8289851787
373570,29.0991267000,3436,0.063253,1258.7504481330,144.8289851787
373594,29.1010805000,3437,0.063253,1258.7504481330,144.8289851787
373618,29.1031300000,3438,0.063253,1258.7504481330,144.8289851787
373642,29.1054671000,3439,0.063253,1258.7504481330,144.8289851787
373666,29.1079094000,3440,0.063253,1258.7504481330,144.8289851787
373689,29.1097858000,3441,0.063253,1258.7504481330,144.8289851787
373712,29.1118627000,3442,0.063253,1258.7504481330,144.8289851787
373735,29.1137819000,3443,0.063253,1258.7504481330,144.8289851787
373758,29.1159255000,3444,0.063253,1258.7504481330,144.8289851787
373781,29.1178484000,3445,0.063253,1258.7504481330,144.8289851787
373804,29.1198927000,3446,0.063253,1258.7504481330,144.8289851787
373827,29.1217793000,3447,0.063253,1258.7504481330,144.8289851787
373850,29.1235913000,3448,0.063253,1258.7504481330,144.8289851787
373873,29.1253806000,3449,0.063253,1258.7504481330,144.8289851787
373896,29.1273909000,3450,0.063253,1258.7504481330,144.8289851787
373919,29.1292943000,3451,0.063253,1258.7504481330,144.8289851787
373942,29.1311096000,3452,0.063253,1258.7504481330,144.8289851787
373965,29.1328608000,3453,0.063253,1258.7504481330,144.8289851787
373988,29.1348247000,3454,0.063243,1258.7504481330,144.7869589577
374011,29.1367294000,3455,0.063242,1258.7504481330,144.7869589577
374034,29.1385231000,3456,0.063242,1258.7504481330,144.7869589577
374057,29.1402615000,3457,0.063242,1258.7504481330,144.7869589577
374080,29.1420430000,3458,0.063200,1258.7504481330,144.6080793002
374103,29.1437501000,3459,0.063200,1258.7504481330,144.6080793002
374126,29.1457932000,3460,0.063200,1258.7504481330,144.6080793002
374149,29.1476626000,3461,0.063200,1258.7504481330,144.6080793002
374172,29.1496123000,3462,0.063200,1258.7504481330,144.6080793002
374195,29.1514865000,3463,0.063200,1258.7504481330,144.6080793002
374218,29.1534122000,3464,0.063199,1258.7504481330,144.6080793002
374241,29.1552778000,3465,0.063199,1258.7504481330,144.6080793002
374264,29.1572694000,3466,0.063199,1258.7504481330,144.6080793002
374287,29.1591698000,3467,0.063198,1258.7504481330,144.6080793002
374310,29.1613345000,3468,0.063198,1258.7504481330,144.6080793002
374333,29.1632602000,3469,0.063198,1258.7504481330,144.6080793002
374356,29.1650489000,3470,0.063105,1258.7504481330,144.2195676021
374379,29.1669041000,3471,0.063105,1258.7504481330,144.2195676021
374402,29.1687911000,3472,0.063105,1258.7504481330,144.2195676021
374425,29.1706030000,3473,0.063104,1258.7504481330,144.2195676021
374448,29.1723288000,3474,0.063104,1258.7504481330,144.2195676021
374471,29.1740825000,3475,0.063104,1258.7504481330,144.2195676021
374494,29.1758150000,3476,0.063104,1258.7504481330,144.2195676021
374517,29.1778539000,3477,0.063103,1258.7504481330,144.2195676021
374540,29.1798139000,3478,0.063103,1258.7504481330,144.2195676021
374563,29.1821383000,3479,0.063103,1258.7504481330,144.2195676021
374586,29.1841203000,3480,0.063102,1258.7504481330,144.2195676021
374609,29.1862136000,3481,0.063102,1258.7504481330,144.2195676021
374632,29.1881347000,3482,0.063102,1258.7504481330,144.2195676021
374655,29.1900595000,3483,0.063101,1258.7504481330,144.2195676021
374678,29.1919552000,3484,0.063085,1258.7504481330,144.1522698404
374701,29.1939045000,3485,0.063079,1258.7504481330,144.1258308698
374724,29.1957445000,3486,0.063078,1258.7504481330,144.1258308698
374747,29.1975798000,3487,0.063078,1258.7504481330,144.1258308698
374770,29.1994284000,3488,0.063078,1258.7504481330,144.1258308698
374793,29.2013504000,3489,0.063056,1258.7504481330,144.0358536453
374816,29.2032510000,3490,0.063056,1258.7504481330,144.0358536453
374839,29.2049874000,3491,0.063056,1258.7504481330,144.0358536453
374862,29.2068198000,3492,0.063056,1258.7504481330,144.0358536453
374885,29.2085671000,3493,0.063050,1258.7504481330,144.0132381595
374908,29.2102735000,3494,0.063050,1258.7504481330,144.0132381595
374931,29.2125419000,3495,0.063050,1258.7504481330,144.0132381595
374954,29.2144790000,3496,0.063049,1258.7504481330,144.0079399011
374977,29.2164281000,3497,0.063049,1258.7504481330,144.0079399011
375000,29.2181902000,3498,0.063049,1258.7504481330,144.0079399011
375023,29.2200527000,3499,0.063049,1258.7504481330,144.0079399011
375045,29.2219651000,3500,0.063049,1258.7504481330,144.0079399011
375067,29.2238544000,3501,0.063049,1258.7504481330,144.0079399011
375089,29.2257603000,3502,0.063049,1258.7504481330,144.0079399011
375111,29.2276540000,3503,0.063049,1258.7504481330,144.0079399011
375133,29.2293233000,3504,0.063049,1258.7504481330,144.0079399011
375155,29.2309794000,3505,0.063049,1258.7504481330,144.0079399011
375177,29.2330821000,3506,0.063049,1258.7504481330,144.0079399011
375199,29.2352034000,3507,0.063049,1258.7504481330,144.0079399011
375221,29.2371183000,3508,0.063049,1258.7504481330,144.0079399011
375243,29.2387959000,3509,0.063049,1258.7504481330,144.0079399011
375265,29.2409152000,3510,0.063049,1258.7504481330,144.0079399011
375287,29.2426173000,3511,0.063049,1258.7504481330,144.0079399011
375309,29.2446962000,3512,0.063049,1258.7504481330,144.0079399011
375331,29.2467178000,3513,0.063049,1258.7504481330,144.0079399011
375353,29.2485000000,3514,0.063049,1258.7504481330,144.0079399011
375375,29.2503373000,3515,0.063049,1258.7504481330,144.0079399011
375397,29.2520781000,3516,0.063049,1258.7504481330,144.0079399011
375419,29.2538311000,3517,0.063049,1258.7504481330,144.0079399011
375441,29.2555178000,3518,0.063049,1258.7504481330,144.0079399011
375463,29.2573767000,3519,0.063049,1258.7504481330,144.0079399011
375485,29.2593391000,3520,0.063049,1258.7504481330,143.9963766230
375507,29.2611734000,3521,0.063049,1258.7504481330,143.9963766230
375529,29.2629029000,3522,0.063048,1258.7504481330,143.9963766230
375551,29.2645708000,3523,0.063047,1258.7504481330,143.9963766230
375573,29.2663381000,3524,0.063047,1258.7504481330,143.9963766230
375595,29.2680087000,3525,0.063046,1258.7504481330,143.9963766230
375617,29.2698238000,3526,0.063046,1258.7504481330,143.9963766230
375639,29.2715573000,3527,0.063045,1258.7504481330,143.9963766230
375661,29.2734138000,3528,0.063045,1258.7504481330,143.9963766230
375683,29.2752028000,3529,0.063044,1258.7504481330,143.9963766230
375705,29.2772168000,3530,0.063044,1258.7504481330,143.9963766230
375727,29.2790907000,3531,0.063043,1258.7504481330,143.9963766230
375749,29.2809669000,3532,0.063043,1258.7504481330,143.9963766230
375771,29.2829311000,3533,0.063042,1258.7504481330,143.9963766230
375793,29.2848225000,3534,0.063042,1258.7504481330,143.9963766230
375815,29.2869872000,3535,0.063041,1258.7504481330,143.9963766230
375837,29.2888475000,3536,0.063041,1258.7504481330,143.9963766230
375859,29.2907023000,3537,0.063040,1258.7504481330,143.9963766230
375881,29.2923795000,3538,0.063039,1258.7504481330,143.9963766230
375903,29.2943313000,3539,0.063039,1258.7504481330,143.9963766230
375925,29.2961387000,3540,0.063038,1258.7504481330,143.9963766230
375947,29.2980201000,3541,0.063038,1258.7504481330,143.9963766230
375969,29.3000824000,3542,0.063037,1258.7504481330,143.9963766230
375991,29.3019605000,3543,0.063037,1258.7504481330,143.9963766230
376013,29.3040211000,3544,0.063036,1258.7504481330,143.9963766230
376035,29.3058411000,3545,0.063036,1258.7504481330,143.9963766230
376057,29.3076088000,3546,0.063035,1258.7504481330,143.9963766230
376079,29.3092822000,3547,0.063035,1258.7504481330,143.9963766230
376101,29.3109536000,3548,0.063034,1258.7504481330,143.9963766230
376123,29.3126065000,3549,0.063034,1258.7504481330,143.9963766230
376145,29.3143082000,3550,0.063033,1258.7504481330,143.9963766230
376167,29.3160346000,3551,0.063033,1258.7504481330,143.9963766230
376189,29.3176962000,3552,0.063033,1258.7504481330,143.9963766230
376211,29.3194854000,3553,0.063033,1258.7504481330,143.9963766230
376233,29.3211787000,3554,0.063032,1258.7504481330,143.9963766230
376255,29.3228356000,3555,0.063032,1258.7504481330,143.9963766230
376277,29.3251575000,3556,0.063032,1258.7504481330,143.9963766230
376299,29.3269615000,3557,0.063032,1258.7504481330,143.9963766230
376321,29.3289318000,3558,0.063032,1258.7504481330,143.9963766230
376343,29.3306966000,3559,0.063032,1258.7504481330,143.9963766230
376365,29.3328084000,3560,0.063031,1258.7504481330,143.9963766230
376386,29.3345713000,3561,0.063031,1258.7504481330,143.9963766230
376407,29.3366325000,3562,0.063031,1258.7504481330,143.9963766230
376428,29.3382476000,3563,0.063031,1258.7504481330,143.9963766230
376449,29.3398756000,3564,0.063031,1258.7504481330,143.9963766230
376470,29.3415080000,3565,0.063031,1258.7504481330,143.9963766230
376491,29.3431299000,3566,0.063030,1258.7504481330,143.9963766230
376512,29.3451608000,3567,0.063030,1258.7504481330,143.9963766230
376533,29.3467476000,3568,0.063030,1258.7504481330,143.9963766230
376554,29.3487310000,3569,0.063030,1258.7504481330,143.9963766230
376575,29.3503956000,3570,0.063030,1258.7504481330,143.9963766230
376596,29.3519705000,3571,0.063030,1258.7504481330,143.9963766230
376617,29.3536648000,3572,0.062981,1227.5279964123,146.8187773730
376638,29.3552737000,3573,0.062981,1227.5279964123,146.8187773730
376659,29.3568761000,3574,0.062980,1227.5279964123,146.8187773730
376680,29.3584559000,3575,0.062956,1227.5279964123,146.7183742207
376701,29.3600411000,3576,0.062956,1227.5279964123,146.7157664706
376722,29.3616390000,3577,0.062955,1227.5279964123,146.7157664706
376743,29.3635905000,3578,0.062955,1227.5279964123,146.7157664706
376764,29.3656065000,3579,0.062953,1227.5279964123,146.7087219590
376785,29.3672914000,3580,0.062953,1227.5279964123,146.7087219590
376806,29.3691366000,3581,0.062953,1227.5279964123,146.7087219590
376827,29.3709010000,3582,0.062952,1227.5279964123,146.7087219590
376848,29.3726077000,3583,0.062952,1227.5279964123,146.7087219590
376869,29.3743712000,3584,0.062952,1227.5279964123,146.7087219590
376890,29.3761250000,3585,0.062951,1227.5279964123,146.7087219590
376911,29.3781979000,3586,0.062951,1227.5279964123,146.7087219590
376932,29.3799889000,3587,0.062951,1227.5279964123,146.7087219590
376953,29.3816181000,3588,0.062950,1227.5279964123,146.7087219590
376974,29.3836535000,3589,0.062939,1227.5279964123,146.6609091646
376995,29.3854960000,3590,0.062938,1227.5279964123,146.6609091646
377016,29.3873382000,3591,0.062937,1227.5279964123,146.6577473232
377037,29.3891217000,3592,0.062937,1227.5279964123,146.6577473232
377058,29.3909987000,3593,0.062937,1227.5279964123,146.6577473232
377079,29.3928033000,3594,0.062936,1227.5279964123,146.6577473232
377100,29.3946613000,3595,0.062936,1227.5279964123,146.6577473232
377121,29.3963750000,3596,0.062936,1227.5279964123,146.6577473232
377142,29.3983596000,3597,0.062935,1227.5279964123,146.6577473232
377163,29.4000150000,3598,0.062935,1227.5279964123,146.6577473232
377184,29.4016209000,3599,0.062935,1227.5279964123,146.6577473232
377205,29.4034491000,3600,0.062934,1227.5279964123,146.6577473232
377226,29.4054455000,3601,0.062934,1227.5279964123,146.6577473232
377247,29.4073588000,3602,0.062934,1227.5279964123,146.6577473232
377268,29.4091280000,3603,0.062933,1227.5279964123,146.6577473232
377289,29.4109531000,3604,0.062933,1227.5279964123,146.6577473232
377310,29.4127707000,3605,0.062933,1227.5279964123,146.6577473232
377331,29.4145890000,3606,0.062896,1227.5279964123,146.5047526833
377352,29.4164169000,3607,0.062896,1227.5279964123,146.5047526833
377373,29.4183709000,3608,0.062895,1227.5279964123,146.5047526833
377394,29.4202291000,3609,0.062895,1227.5279964123,146.5047526833
377415,29.4220754000,3610,0.062895,1227.5279964123,146.5047526833
377436,29.4240821000,3611,0.062895,1227.5279964123,146.5047526833
377457,29.4257723000,3612,0.062895,1227.5279964123,146.5047526833
377478,29.4276229000,3613,0.062895,1227.5279964123,146.5047526833
377499,29.4294836000,3614,0.062895,1227.5279964123,146.5047526833
377520,29.4311973000,3615,0.062895,1227.5279964123,146.5047526833
377541,29.4330788000,3616,0.062895,1227.5279964123,146.5047526833
377562,29.4347378000,3617,0.062895,1227.5279964123,146.5047526833
377583,29.4363419000,3618,0.062895,1227.5279964123,146.5047526833
377604,29.4379146000,3619,0.062895,1227.5279964123,146.5047526833
377625,29.4394916000,3620,0.062895,1227.5279964123,146.5047526833
377646,29.4410968000,3621,0.062895,1227.5279964123,146.5047526833
377667,29.4427103000,3622,0.062895,1227.5279964123,146.5047526833
377688,29.4443235000,3623,0.062895,1227.5279964123,146.5047526833
377709,29.4459063000,3624,0.062895,1227.5279964123,146.5047526833
377729,29.4474414000,3625,0.062895,1227.5279964123,146.5047526833
377749,29.4489942000,3626,0.062895,1227.5279964123,146.5047526833
377769,29.4505021000,3627,0.062895,1227.5279964123,146.4892224159
377789,29.4520102000,3628,0.062895,1227.5279964123,146.4892224159
377809,29.4535435000,3629,0.062895,1227.5279964123,146.4892224159
377829,29.4550632000,3630,0.062885,1227.5279964123,146.4390919448
377849,29.4566111000,3631,0.062885,1227.5279964123,146.4390919448
377869,29.4581395000,3632,0.062885,1227.5279964123,146.4390919448
377889,29.4596523000,3633,0.062885,1227.5279964123,146.4390919448
377909,29.4611681000,3634,0.062885,1227.5279964123,146.4390919448
377929,29.4627671000,3635,0.062877,1227.5279964123,146.4043698234
377949,29.4644574000,3636,0.062877,1227.5279964123,146.4043698234
377969,29.4662998000,3637,0.062877,1227.5279964123,146.4043698234
377989,29.4678678000,3638,0.062877,1227.5279964123,146.4043698234
378009,29.4694044000,3639,0.062877,1227.5279964123,146.4043698234
378029,29.4709792000,3640,0.062877,1227.5279964123,146.4043698234
378049,29.4725073000,3641,0.062877,1227.5279964123,146.4043698234
378069,29.4740539000,3642,0.062877,1227.5279964123,146.4043698234
378089,29.4756366000,3643,0.062622,1227.5279964123,145.3104882100
378109,29.4774607000,3644,0.062622,1227.5279964123,145.3104882100
378129,29.4790885000,3645,0.062622,1227.5279964123,145.3104882100
378149,29.4807078000,3646,0.062622,1227.5279964123,145.3104882100
378169,29.4822946000,3647,0.062622,1227.5279964123,145.3104882100
378189,29.4840464000,3648,0.062622,1227.5279964123,145.3104882100
378209,29.4858183000,3649,0.062622,1227.5279964123,145.3104882100
378229,29.4873589000,3650,0.062622,1227.5279964123,145.3104882100
378249,29.4889032000,3651,0.062622,1227.5279964123,145.3104882100
378269,29.4905470000,3652,0.062622,1227.5279964123,145.3104882100
378289,29.4920751000,3653,0.062622,1227.5279964123,145.3104882100
378309,29.4936150000,3654,0.062622,1227.5279964123,145.3104882100
378329,29.4954585000,3655,0.062622,1227.5279964123,145.3104882100
378349,29.4970157000,3656,0.062622,1227.5279964123,145.3104882100
378369,29.4987546000,3657,0.062622,1227.5279964123,145.3104882100
378389,29.5005283000,3658,0.062622,1227.5279964123,145.3104882100
378409,29.5022770000,3659,0.062622,1227.5279964123,145.3104882100
378429,29.5039081000,3660,0.062622,1227.5279964123,145.3104882100
378449,29.5056877000,3661,0.062185,1220.9170216506,144.0697153290
378469,29.5073714000,3662,0.062185,1220.9170216506,144.0697153290
378489,29.5089309000,3663,0.062185,1220.9170216506,144.0697153290
378509,29.5106009000,3664,0.062185,1220.9170216506,144.0697153290
378529,29.5123378000,3665,0.062185,1220.9170216506,144.0697153290
378549,29.5140649000,3666,0.062185,1220.9170216506,144.0697153290
378569,29.5160827000,3667,0.062185,1220.9170216506,144.0697153290
378589,29.5177209000,3668,0.062185,1220.9170216506,144.0697153290
378609,29.5192593000,3669,0.062185,1220.9170216506,144.0697153290
378629,29.5208095000,3670,0.062185,1220.9170216506,144.0697153290
378649,29.5223243000,3671,0.062185,1220.9170216506,144.0697153290
378669,29.5241021000,3672,0.062185,1220.9170216506,144.0697153290
378689,29.5256974000,3673,0.062185,1220.9170216506,144.0697153290
378709,29.5273120000,3674,0.062185,1220.9170216506,144.0697153290
378729,29.5288524000,3675,0.062185,1220.9170216506,144.0697153290
378749,29.5303926000,3676,0.062185,1220.9170216506,144.0697153290
378769,29.5319388000,3677,0.062185,1220.9170216506,144.0697153290
378789,29.5335084000,3678,0.062185,1220.9170216506,144.0697153290
378809,29.5350471000,3679,0.062185,1220.9170216506,144.0697153290
378829,29.5366078000,3680,0.062185,1220.9170216506,144.0697153290
378849,29.5383726000,3681,0.062185,1220.9170216506,144.0697153290
378869,29.5400520000,3682,0.062185,1220.9170216506,144.0697153290
378889,29.5417307000,3683,0.062185,1220.9170216506,144.0697153290
378909,29.5433250000,3684,0.062185,1220.9170216506,144.0697153290
378929,29.5449414000,3685,0.062185,1220.9170216506,144.0697153290
378949,29.5464943000,3686,0.062185,1220.9170216506,144.0697153290
378969,29.5485851000,3687,0.062185,1220.9170216506,144.0697153290
378989,29.5504473000,3688,0.062185,1220.9170216506,144.0697153290
379009,29.5520281000,3689,0.062185,1220.9170216506,144.0697153290
379029,29.5535792000,3690,0.062185,1220.9170216506,144.0697153290
379049,29.5551144000,3691,0.062185,1220.9170216506,144.0697153290
379069,29.5567390000,3692,0.062185,1220.9170216506,144.0697153290
379088,29.5583982000,3693,0.062185,1220.9170216506,144.0697153290
379107,29.5599595000,3694,0.062185,1220.9170216506,144.0697153290
379126,29.5618880000,3695,0.062185,1220.9170216506,144.0697153290
379145,29.5633977000,3696,0.062185,1220.9170216506,144.0697153290
379164,29.5650597000,3697,0.062185,1220.9170216506,144.0697153290
379183,29.5667325000,3698,0.062185,1220.9170216506,144.0697153290
379202,29.5682433000,3699,0.062185,1220.9170216506,144.0697153290
379221,29.5698625000,3700,0.062185,1220.9170216506,144.0697153290
379240,29.5713686000,3701,0.062185,1220.9170216506,144.0697153290
379259,29.5729790000,3702,0.062185,1220.9170216506,144.0697153290
379278,29.5746888000,3703,0.062185,1220.9170216506,144.0697153290
379297,29.5761753000,3704,0.062185,1220.9170216506,144.0697153290
379316,29.5777840000,3705,0.062185,1220.9170216506,144.0697153290
379335,29.5792680000,3706,0.062185,1220.9170216506,144.0697153290
379354,29.5808188000,3707,0.062185,1220.9170216506,144.0697153290
379373,29.5825918000,3708,0.062185,1220.9170216506,144.0697153290
379392,29.5842885000,3709,0.062185,1220.9170216506,144.0697153290
379411,29.5860792000,3710,0.062185,1220.9170216506,144.0697153290
379430,29.5877057000,3711,0.062185,1220.9170216506,144.0697153290
379449,29.5892627000,3712,0.062147,1220.9170216506,143.8680322952
379468,29.5908695000,3713,0.062147,1220.9170216506,143.8680322952
379487,29.5923584000,3714,0.062141,1220.9170216506,143.8409178225
379506,29.5939297000,3715,0.062141,1220.9170216506,143.8409178225
379525,29.5954089000,3716,0.062141,1220.9170216506,143.8409178225
379544,29.5969030000,3717,0.062141,1220.9170216506,143.8409178225
379563,29.5985973000,3718,0.062141,1220.9170216506,143.8409178225
379582,29.6000797000,3719,0.062141,1220.9170216506,143.8409178225
379601,29.6015444000,3720,0.062141,1220.9170216506,143.8409178225
379620,29.6031915000,3721,0.062141,1220.9170216506,143.8409178225
379639,29.6047184000,3722,0.062141,1220.9170216506,143.8409178225
379658,29.6065486000,3723,0.062141,1220.9170216506,143.8409178225
379677,29.6083537000,3724,0.062141,1220.9170216506,143.8409178225
379696,29.6098801000,3725,0.062141,1220.9170216506,143.8409178225
379715,29.6116374000,3726,0.062141,1220.9170216506,143.8409178225
379734,29.6130895000,3727,0.062111,1220.9170216506,143.7019178225
379753,29.6146831000,3728,0.062111,1220.9170216506,143.7001180865
379772,29.6161414000,3729,0.062111,1220.9170216506,143.7001180865
379791,29.6175991000,3730,0.062111,1220.9170216506,143.7001180865
379810,29.6192879000,3731,0.062111,1220.9170216506,143.6901252275
379829,29.6209668000,3732,0.062111,1220.9170216506,143.6901252275
379848,29.6225714000,3733,0.062111,1220.9170216506,143.6901252275
379867,29.6242394000,3734,0.062111,1220.9170216506,143.6901252275
379886,29.6257180000,3735,0.062072,1220.9170216506,143.5137923536
379905,29.6273202000,3736,0.062072,1220.9170216506,143.5137923536
379924,29.6287839000,3737,0.062072,1220.9170216506,143.5137923536
379943,29.6302054000,3738,0.062072,1220.9170216506,143.5137923536
379962,29.6316896000,3739,0.062072,1220.9170216506,143.5137923536
379981,29.6331626000,3740,0.062072,1220.9170216506,143.5137923536
380000,29.6346347000,3741,0.062072,1220.9170216506,143.5137923536
380019,29.6362886000,3742,0.062072,1220.9170216506,143.5137923536
380038,29.6377384000,3743,0.062072,1220.9170216506,143.5137923536
380057,29.6392608000,3744,0.062072,1220.9170216506,143.5137923536
380076,29.6408948000,3745,0.062072,1220.9170216506,143.5137923536
380095,29.6423440000,3746,0.062072,1220.9170216506,143.5137923536
380114,29.6441495000,3747,0.062072,1220.9170216506,143.5137923536
380133,29.6456819000,3748,0.062072,1220.9170216506,143.5137923536
380152,29.6471545000,3749,0.062072,1220.9170216506,143.5137923536
380171,29.6486165000,3750,0.062072,1220.9170216506,143.5137923536
380190,29.6500607000,3751,0.062072,1220.9170216506,143.5137923536
380209,29.6515263000,3752,0.062072,1220.9170216506,143.5137923536
380228,29.6534474000,3753,0.062072,1220.9170216506,143.5137923536
380247,29.6551240000,3754,0.062072,1220.9170216506,143.5137923536
380266,29.6566921000,3755,0.062072,1220.9170216506,143.5137923536
380285,29.6581717000,3756,0.062072,1220.9170216506,143.5137923536
380304,29.6596572000,3757,0.062072,1220.9170216506,143.5137923536
380323,29.6611481000,3758,0.062072,1220.9170216506,143.5137923536
380342,29.6626284000,3759,0.062072,1220.9170216506,143.5137923536
380361,29.6641054000,3760,0.062072,1220.9170216506,143.5137923536
380380,29.6655740000,3761,0.062072,1220.9170216506,143.5137923536
380399,29.6671174000,3762,0.062072,1220.9170216506,143.5137923536
380418,29.6688710000,3763,0.062072,1220.9170216506,143.5137923536
380436,29.6703373000,3764,0.062072,1220.9170216506,143.5137923536
380454,29.6717167000,3765,0.062072,1220.9170216506,143.5137923536
380472,29.6731261000,3766,0.062072,1220.9170216506,143.5137923536
380490,29.6745141000,3767,0.062072,1220.9170216506,143.5137923536
380508,29.6759413000,3768,0.062072,1220.9170216506,143.5137923536
380526,29.6773376000,3769,0.062072,1220.9170216506,143.5137923536
380544,29.6787301000,3770,0.062072,1220.9170216506,143.5137923536
380562,29.6801159000,3771,0.062072,1220.9170216506,143.5137923536
380580,29.6815383000,3772,0.062072,1220.9170216506,143.5137923536
380598,29.6829789000,3773,0.062072,1220.9170216506,143.5137923536
380616,29.6843852000,3774,0.062072,1220.9170216506,143.5137923536
380634,29.6859181000,3775,0.062072,1220.9170216506,143.5137923536
380652,29.6875361000,3776,0.062072,1220.9170216506,143.5137923536
380670,29.6890539000,3777,0.062072,1220.9170216506,143.5137923536
380688,29.6905712000,3778,0.062072,1220.9170216506,143.5137923536
380706,29.6919593000,3779,0.062072,1220.9170216506,143.5137923536
380724,29.6933623000,3780,0.062072,1220.9170216506,143.5137923536
380742,29.6948564000,3781,0.062072,1220.9170216506,143.5137923536
380760,29.6962608000,3782,0.062072,1220.9170216506,143.5137923536
380778,29.6976531000,3783,0.062072,1220.9170216506,143.5137923536
380796,29.6993997000,3784,0.062072,1220.9170216506,143.5137923536
380814,29.7007755000,3785,0.062072,1220.9170216506,143.5137923536
380832,29.7024059000,3786,0.062072,1220.9170216506,143.5137923536
380850,29.7038453000,3787,0.062072,1220.9170216506,143.4470183546
380868,29.7054664000,3788,0.062072,1220.9170216506,143.4470183546
380886,29.7069022000,3789,0.062072,1220.9170216506,143.4318916347
380904,29.7082962000,3790,0.062072,1220.9170216506,143.4318916347
380922,29.7096969000,3791,0.062072,1220.9170216506,143.4318916347
380940,29.7110905000,3792,0.062072,1220.9170216506,143.4318916347
380958,29.7124753000,3793,0.062072,1220.9170216506,143.4318916347
380976,29.7138620000,3794,0.062072,1220.9170216506,143.4318916347
380994,29.7152543000,3795,0.062072,1220.9170216506,143.4318916347
381012,29.7166318000,3796,0.062072,1220.9170216506,143.4318916347
381030,29.7180225000,3797,0.062072,1220.9170216506,143.4318916347
381048,29.7194100000,3798,0.062072,1220.9170216506,143.4318916347
381066,29.7207906000,3799,0.062072,1220.9170216506,143.4318916347
381084,29.7221938000,3800,0.062072,1220.9170216506,143.4318916347
381102,29.7235907000,3801,0.062072,1220.9170216506,143.4318916347
381120,29.7249926000,3802,0.062072,1220.9170216506,143.4318916347
381138,29.7263529000,3803,0.062072,1220.9170216506,143.4318916347
381156,29.7277275000,3804,0.062072,1220.9170216506,143.4318916347
381174,29.7291195000,3805,0.062009,1220.9170216506,143.1589339501
381192,29.7305686000,3806,0.062009,1220.9170216506,143.1589339501
381210,29.7319706000,3807,0.062009,1220.9170216506,143.1589339501
381228,29.7333393000,3808,0.062009,1220.9170216506,143.1589339501
381246,29.7347632000,3809,0.062009,1220.9170216506,143.1589339501
381264,29.7361714000,3810,0.062009,1220.9170216506,143.1589339501
381282,29.7375777000,3811,0.062009,1220.9170216506,143.1589339501
381300,29.7389406000,3812,0.062009,1220.9170216506,143.1589339501
381318,29.7403087000,3813,0.062009,1220.9170216506,143.1589339501
381336,29.7416886000,3814,0.062009,1220.9170216506,143.1589339501
381354,29.7430724000,3815,0.062009,1220.9170216506,143.1589339501
381372,29.7450283000,3816,0.062009,1220.9170216506,143.1589339501
381390,29.7466932000,3817,0.062009,1220.9170216506,143.1589339501
381408,29.7486629000,3818,0.062009,1220.9170216506,143.1589339501
381426,29.7500833000,3819,0.062009,1220.9170216506,143.1589339501
381444,29.7515057000,3820,0.062009,1220.9170216506,143.1589339501
381462,29.7531531000,3821,0.062009,1220.9170216506,143.1589339501
381480,29.7549003000,3822,0.062009,1220.9170216506,143.1589339501
381498,29.7567434000,3823,0.062009,1220.9170216506,143.1589339501
381516,29.7581549000,3824,0.062009,1220.9170216506,143.1589339501
381534,29.7599150000,3825,0.062009,1220.9170216506,143.1589339501
381552,29.7618591000,3826,0.062009,1220.9170216506,143.1589339501
381570,29.7634422000,3827,0.062009,1220.9170216506,143.1589339501
381588,29.7649759000,3828,0.062009,1220.9170216506,143.1589339501
381606,29.7663508000,3829,0.062009,1220.9170216506,143.1589339501
381624,29.7677269000,3830,0.062009,1220.9170216506,143.1589339501
381642,29.7691289000,3831,0.062009,1220.9170216506,143.1589339501
381660,29.7705169000,3832,0.062009,1220.9170216506,143.1589339501
381678,29.7719161000,3833,0.062009,1220.9170216506,143.1589339501
381696,29.7735567000,3834,0.062009,1220.9170216506,143.1589339501
381714,29.7751242000,3835,0.062009,1220.9170216506,143.1589339501
381732,29.7766235000,3836,0.062009,1220.9170216506,143.1589339501
381750,29.7780578000,3837,0.062009,1220.9170216506,143.1589339501
381768,29.7795032000,3838,0.062009,1220.9170216506,143.1589339501
381785,29.7809194000,3839,0.062009,1220.9170216506,143.1589339501
381802,29.7825410000,3840,0.062009,1220.9170216506,143.1589339501
381819,29.7842141000,3841,0.062009,1220.9170216506,143.1589339501
381836,29.7855803000,3842,0.062009,1220.9170216506,143.1589339501
381853,29.7869744000,3843,0.062009,1220.9170216506,143.1589339501
381870,29.7882826000,3844,0.062009,1220.9170216506,143.1589339501
381887,29.7895866000,3845,0.062009,1220.9170216506,143.1556674387
381904,29.7910223000,3846,0.062009,1220.9170216506,143.1556674387
381921,29.7926087000,3847,0.062009,1220.9170216506,143.1556674387
381938,29.7942120000,3848,0.062009,1220.9170216506,143.1537989385
381955,29.7956291000,3849,0.062009,1220.9170216506,143.1537989385
381972,29.7970961000,3850,0.062009,1220.9170216506,143.1537989385
381989,29.7987479000,3851,0.062009,1220.9170216506,143.1537989385
382006,29.8000864000,3852,0.062009,1220.9170216506,143.1537989385
382023,29.8015731000,3853,0.062009,1220.9170216506,143.1537989385
382040,29.8030398000,3854,0.062009,1220.9170216506,143.1537989385
382057,29.8043786000,3855,0.062009,1220.9170216506,143.1537989385
382074,29.8057322000,3856,0.062009,1220.9170216506,143.1537989385
382091,29.8074504000,3857,0.062009,1220.9170216506,143.1537989385
382108,29.8089879000,3858,0.062009,1220.9170216506,143.1537989385
382125,29.8107540000,3859,0.062009,1220.9170216506,143.1537989385
382142,29.8121176000,3860,0.062009,1220.9170216506,143.1537989385
382159,29.8135687000,3861,0.062009,1220.9170216506,143.1537989385
382176,29.8149712000,3862,0.062009,1220.9170216506,143.1537989385
382193,29.8167211000,3863,0.061798,1220.9170216506,142.1748192984
382210,29.8181446000,3864,0.061685,1220.9170216506,141.6958192984
382227,29.8197153000,3865,0.061685,1220.9170216506,141.6958192984
382244,29.8210427000,3866,0.061685,1220.9170216506,141.6958192984
382261,29.8224847000,3867,0.061685,1220.9170216506,141.6958192984
382278,29.8240816000,3868,0.061685,1220.9170216506,141.6958192984
382295,29.8255107000,3869,0.061685,1220.9170216506,141.6958192984
382312,29.8270002000,3870,0.061685,1220.9170216506,141.6958192984
382329,29.8285736000,3871,0.061685,1220.9170216506,141.6958192984
382346,29.8300747000,3872,0.061685,1220.9170216506,141.6958192984
382363,29.8316864000,3873,0.061685,1220.9170216506,141.6958192984
382380,29.8331357000,3874,0.061685,1220.9170216506,141.6958192984
382397,29.8344785000,3875,0.061685,1220.9170216506,141.6958192984
382414,29.8363596000,3876,0.061685,1220.9170216506,141.6958192984
382431,29.8378068000,3877,0.061685,1220.9170216506,141.6958192984
382448,29.8393124000,3878,0.061676,1220.9170216506,141.6355783724
382465,29.8408022000,3879,0.061676,1220.9170216506,141.6355783724
382482,29.8423103000,3880,0.061640,1220.9170216506,141.4840249006
382499,29.8439126000,3881,0.061640,1220.9170216506,141.4840249006
382516,29.8452767000,3882,0.061640,1220.9170216506,141.4840249006
382533,29.8466355000,3883,0.061640,1220.9170216506,141.4840249006
382550,29.8482701000,3884,0.061640,1220.9170216506,141.4840249006
382567,29.8496309000,3885,0.061640,1220.9170216506,141.4840249006
382584,29.8510862000,3886,0.061640,1220.9170216506,141.4840249006
382601,29.8527083000,3887,0.061640,1220.9170216506,141.4840249006
382618,29.8541343000,3888,0.061640,1220.9170216506,141.4840249006
382635,29.8555461000,3889,0.061640,1220.9170216506,141.4840249006
382652,29.8570460000,3890,0.061640,1220.9170216506,141.4840249006
382669,29.8585589000,3891,0.061640,1220.9170216506,141.4840249006
382686,29.8600174000,3892,0.061640,1220.9170216506,141.4840249006
382703,29.8615713000,3893,0.061640,1220.9170216506,141.4840249006
382720,29.8630835000,3894,0.061640,1220.9170216506,141.4799128521
382737,29.8645042000,3895,0.061640,1220.9170216506,141.4799128521
382754,29.8661216000,3896,0.061640,1220.9170216506,141.4799128521
382771,29.8675881000,3897,0.061640,1220.9170216506,141.4799128521
382788,29.8689862000,3898,0.061640,1220.9170216506,141.4799128521
382805,29.8703116000,3899,0.061640,1220.9170216506,141.4799128521
382822,29.8716129000,3900,0.061628,1220.9170216506,141.4159995095
382839,29.8729155000,3901,0.061628,1220.9170216506,141.4159995095
382856,29.8743424000,3902,0.061628,1220.9170216506,141.4159995095
382873,29.8756791000,3903,0.061628,1220.9170216506,141.4159995095
382890,29.8772345000,3904,0.061628,1220.9170216506,141.4159995095
382907,29.8787006000,3905,0.061628,1220.9170216506,141.4159995095
382924,29.8802198000,3906,0.061628,1220.9170216506,141.4159995095
382941,29.8818654000,3907,0.061628,1220.9170216506,141.4159995095
382958,29.8831779000,3908,0.061628,1220.9170216506,141.4159995095
382975,29.8849342000,3909,0.061628,1220.9170216506,141.4159995095
382992,29.8865042000,3910,0.061628,1220.9170216506,141.4159995095
383009,29.8880091000,3911,0.061628,1220.9170216506,141.4159995095
383026,29.8895863000,3912,0.061628,1220.9170216506,141.4159995095
383043,29.8911169000,3913,0.061627,1220.9170216506,141.4159995095
383060,29.8926287000,3914,0.061627,1220.9170216506,141.4159995095
383077,29.8942799000,3915,0.061627,1220.9170216506,141.4159995095
383094,29.8956356000,3916,0.061626,1220.9170216506,141.4125589131
383111,29.8970065000,3917,0.061626,1220.9170216506,141.4125589131
383127,29.8983906000,3918,0.061626,1220.9170216506,141.4125589131
383143,29.8997338000,3919,0.061626,1220.9170216506,141.4125589131
383159,29.9011344000,3920,0.061626,1220.9170216506,141.4125589131
383175,29.9025838000,3921,0.061626,1220.9170216506,141.4125589131
383191,29.9038819000,3922,0.061626,1220.9170216506,141.4125589131
383207,29.9053269000,3923,0.061626,1220.9170216506,141.4125589131
383223,29.9068100000,3924,0.061625,1220.9170216506,141.4125589131
383239,29.9081280000,3925,0.061625,1220.9170216506,141.4125589131
383255,29.9095489000,3926,0.061625,1220.9170216506,141.4125589131
383271,29.9111686000,3927,0.061625,1220.9170216506,141.4125589131
383287,29.9126054000,3928,0.061625,1220.9170216506,141.4125589131
383303,29.9139558000,3929,0.061625,1220.9170216506,141.4125589131
383319,29.9155695000,3930,0.061625,1220.9170216506,141.4125589131
383335,29.9168087000,3931,0.061625,1220.9170216506,141.4125589131
383351,29.9180431000,3932,0.061625,1220.9170216506,141.4125589131
383367,29.9193780000,3933,0.061625,1220.9170216506,141.4125589131
383383,29.9207647000,3934,0.061625,1220.9170216506,141.4125589131
383399,29.9220939000,3935,0.061625,1220.9170216506,141.4125589131
383415,29.9235999000,3936,0.061625,1220.9170216506,141.4125589131
383431,29.9250385000,3937,0.061625,1220.9170216506,141.4125589131
383447,29.9264613000,3938,0.061625,1220.9170216506,141.4125589131
383463,29.9283359000,3939,0.061625,1220.9170216506,141.4125589131
383479,29.9296755000,3940,0.061625,1220.9170216506,141.4125589131
383495,29.9310790000,3941,0.061625,1220.9170216506,141.4125589131
383511,29.9326111000,3942,0.061625,1220.9170216506,141.4125589131
383527,29.9338997000,3943,0.061625,1220.9170216506,141.4125589131
383543,29.9352315000,3944,0.061625,1220.9170216506,141.4125589131
383559,29.9367223000,3945,0.061625,1220.9170216506,141.4125589131
383575,29.9380595000,3946,0.061625,1220.9170216506,141.4125589131
383591,29.9393375000,3947,0.061625,1220.9170216506,141.4125589131
383607,29.9408208000,3948,0.061625,1220.9170216506,141.4125589131
383623,29.9420843000,3949,0.061625,1220.9170216506,141.4125589131
383639,29.9433346000,3950,0.061625,1220.9170216506,141.4125589131
383655,29.9448421000,3951,0.061625,1220.9170216506,141.4125589131
383671,29.9463327000,3952,0.061625,1220.9170216506,141.4125589131
383687,29.9477942000,3953,0.061625,1220.9170216506,141.4125589131
383703,29.9494235000,3954,0.061625,1220.9170216506,141.4113570963
383719,29.9507271000,3955,0.061625,1220.9170216506,141.4113570963
383735,29.9519873000,3956,0.061625,1220.9170216506,141.4113570963
383751,29.9532827000,3957,0.061624,1220.9170216506,141.3871877339
383767,29.9546175000,3958,0.061624,1220.9170216506,141.3871877339
383783,29.9559541000,3959,0.061624,1220.9170216506,141.3871877339
383799,29.9575674000,3960,0.061624,1220.9170216506,141.3871877339
383815,29.9590017000,3961,0.061624,1220.9170216506,141.3871877339
383831,29.9603405000,3962,0.061624,1220.9170216506,141.3871877339
383847,29.9618741000,3963,0.061624,1220.9170216506,141.3871877339
383863,29.9631294000,3964,0.061624,1220.9170216506,141.3871877339
383879,29.9647255000,3965,0.061624,1220.9170216506,141.3871877339
383895,29.9660237000,3966,0.061624,1220.9170216506,141.3871877339
383911,29.9674511000,3967,0.061624,1220.9170216506,141.3871877339
383927,29.9688025000,3968,0.061624,1220.9170216506,141.3871877339
383943,29.9700508000,3969,0.061624,1220.9170216506,141.3871877339
383959,29.9713014000,3970,0.061624,1220.9170216506,141.3871877339
383975,29.9725301000,3971,0.061624,1220.9170216506,141.3871877339
383991,29.9737831000,3972,0.061624,1220.9170216506,141.3871877339
384007,29.9750880000,3973,0.061624,1220.9170216506,141.3871877339
384023,29.9764737000,3974,0.061624,1220.9170216506,141.3871877339
384039,29.9778566000,3975,0.061624,1220.9170216506,141.3871877339
384055,29.9792436000,3976,0.061624,1220.9170216506,141.3871877339
384071,29.9805064000,3977,0.061624,1220.9170216506,141.3871877339
384087,29.9821450000,3978,0.061624,1220.9170216506,141.3871877339
384103,29.9834385000,3979,0.061624,1220.9170216506,141.3871877339
384119,29.9847246000,3980,0.061624,1220.9170216506,141.3871877339
384135,29.9860479000,3981,0.061624,1220.9170216506,141.3871877339
384151,29.9873401000,3982,0.061624,1220.9170216506,141.3871877339
384167,29.9885982000,3983,0.061624,1220.9170216506,141.3871877339
384183,29.9898474000,3984,0.061624,1220.9170216506,141.3661012395
384199,29.9910891000,3985,0.061624,1220.9170216506,141.3661012395
384215,29.9923326000,3986,0.061624,1220.9170216506,141.3651767892
384231,29.9940546000,3987,0.061624,1220.9170216506,141.3651767892
384247,29.9953254000,3988,0.061624,1220.9170216506,141.3651767892
384263,29.9966075000,3989,0.061624,1220.9170216506,141.3651767892
384279,29.9979889000,3990,0.061624,1220.9170216506,141.3651767892
384295,29.9993435000,3991,0.061624,1220.9170216506,141.3651767892
384311,30.0007331000,3992,0.061624,1220.9170216506,141.3651767892
384327,30.0022231000,3993,0.061624,1220.9170216506,141.3651767892
384343,30.0036360000,3994,0.061591,1220.9170216506,141.1746124360
384359,30.0050572000,3995,0.061591,1220.9170216506,141.1746124360
384375,30.0065306000,3996,0.061591,1220.9170216506,141.1746124360
384391,30.0077787000,3997,0.061591,1220.9170216506,141.1746124360
384407,30.0091349000,3998,0.061591,1220.9170216506,141.1746124360
384423,30.0108099000,3999,0.061591,1220.9170216506,141.1746124360
384439,30.0121677000,4000,0.061591,1220.9170216506,141.1746124360
384455,30.0135846000,4001,0.061591,1220.9170216506,141.1746124360
384471,30.0150054000,4002,0.061591,1220.9170216506,141.1746124360
384486,30.0163339000,4003,0.061591,1220.9170216506,141.1746124360
384501,30.0176377000,4004,0.061591,1220.9170216506,141.1746124360
384516,30.0189187000,4005,0.061591,1220.9170216506,141.1746124360
384531,30.0201342000,4006,0.061591,1220.9170216506,141.1746124360
384546,30.0212948000,4007,0.061591,1220.9170216506,141.1746124360
384561,30.0224771000,4008,0.061591,1220.9170216506,141.1746124360
384576,30.0236875000,4009,0.061591,1220.9170216506,141.1746124360
384591,30.0249210000,4010,0.061591,1220.9170216506,141.1746124360
384606,30.0262660000,4011,0.061591,1220.9170216506,141.1746124360
384621,30.0275643000,4012,0.061591,1220.9170216506,141.1746124360
384636,30.0287977000,4013,0.061591,1220.9170216506,141.1746124360
384651,30.0299939000,4014,0.061591,1220.9170216506,141.1746124360
384666,30.0311817000,4015,0.061591,1220.9170216506,141.1746124360
384681,30.0324707000,4016,0.061591,1220.9170216506,141.1746124360
384696,30.0337771000,4017,0.061591,1220.9170216506,141.1746124360
384711,30.0349930000,4018,0.061591,1220.9170216506,141.1746124360
384726,30.0362201000,4019,0.061591,1220.9170216506,141.1746124360
384741,30.0373953000,4020,0.061591,1220.9170216506,141.1746124360
384756,30.0385805000,4021,0.061591,1220.9170216506,141.1746124360
384771,30.0400937000,4022,0.061591,1220.9170216506,141.1746124360
384786,30.0413229000,4023,0.061591,1220.9170216506,141.1746124360
384801,30.0425251000,4024,0.061591,1220.9170216506,141.1746124360
384816,30.0439731000,4025,0.061591,1220.9170216506,141.1746124360
384831,30.0452379000,4026,0.061578,1220.9170216506,141.1054335223
384846,30.0465680000,4027,0.061577,1220.9170216506,141.1054335223
384861,30.0478377000,4028,0.061577,1220.9170216506,141.1054335223
384876,30.0493278000,4029,0.061576,1220.9170216506,141.1054335223
384891,30.0506780000,4030,0.061576,1220.9170216506,141.1054335223
384906,30.0519350000,4031,0.061576,1220.9170216506,141.1054335223
384921,30.0533968000,4032,0.061575,1220.9170216506,141.1054335223
384936,30.0546569000,4033,0.061575,1220.9170216506,141.1054335223
384951,30.0560720000,4034,0.061574,1220.9170216506,141.1054335223
384966,30.0573888000,4035,0.061574,1220.9170216506,141.1054335223
384981,30.0586623000,4036,0.061573,1220.9170216506,141.1054335223
384996,30.0598607000,4037,0.061573,1220.9170216506,141.1054335223
385011,30.0613091000,4038,0.061573,1220.9170216506,141.1054335223
385026,30.0626603000,4039,0.061572,1220.9170216506,141.1054335223
385041,30.0642698000,4040,0.061572,1220.9170216506,141.1054335223
385056,30.0654857000,4041,0.061571,1220.9170216506,141.1054335223
385071,30.0666730000,4042,0.061571,1220.9170216506,141.1054335223
385086,30.0680146000,4043,0.061570,1220.9170216506,141.1054335223
385101,30.0694492000,4044,0.061570,1220.9170216506,141.1054335223
385116,30.0706652000,4045,0.061570,1220.9170216506,141.1054335223
385131,30.0718490000,4046,0.061569,1220.9170216506,141.1054335223
385146,30.0734208000,4047,0.061569,1220.9170216506,141.1054335223
385161,30.0745920000,4048,0.061568,1220.9170216506,141.1054335223
385176,30.0758746000,4049,0.061568,1220.9170216506,141.1054335223
385191,30.0770537000,4050,0.061568,1220.9170216506,141.1054335223
385206,30.0782805000,4051,0.061568,1220.9170216506,141.1054335223
385221,30.0794635000,4052,0.061568,1220.9170216506,141.1054335223
385236,30.0806312000,4053,0.061568,1220.9170216506,141.1054335223
385251,30.0818486000,4054,0.061568,1220.9170216506,141.1054335223
385266,30.0831401000,4055,0.061568,1220.9170216506,141.1054335223
385281,30.0843890000,4056,0.061568,1220.9170216506,141.1054335223
385296,30.0855659000,4057,0.061568,1220.9170216506,141.1054335223
385311,30.0868782000,4058,0.061568,1220.9170216506,141.1054335223
385326,30.0881957000,4059,0.061568,1220.9170216506,141.1054335223
385341,30.0894645000,4060,0.061568,1220.9170216506,141.1054335223
385356,30.0908244000,4061,0.061568,1220.9170216506,141.1054335223
385371,30.0921885000,4062,0.061568,1220.9170216506,141.1054335223
385386,30.0934653000,4063,0.061568,1220.9170216506,141.1054335223
385401,30.0950571000,4064,0.061568,1220.9170216506,141.1054335223
385416,30.0962736000,4065,0.061568,1220.9170216506,141.1054335223
385431,30.0974219000,4066,0.061568,1220.9170216506,141.1054335223
385446,30.0989916000,4067,0.061568,1220.9170216506,141.1054335223
385461,30.1001748000,4068,0.061568,1220.9170216506,141.1054335223
385476,30.1013347000,4069,0.061568,1220.9170216506,141.1054335223
385491,30.1027158000,4070,0.061568,1220.9170216506,141.1054335223
385506,30.1039177000,4071,0.061568,1220.9170216506,141.1054335223
385521,30.1051058000,4072,0.061568,1220.9170216506,141.1054335223
385536,30.1063062000,4073,0.061568,1220.9170216506,141.1054335223
385551,30.1076856000,4074,0.061568,1220.9170216506,141.1054335223
385566,30.1088953000,4075,0.061568,1220.9170216506,141.1054335223
385581,30.1100701000,4076,0.061568,1220.9170216506,141.1054335223
385596,30.1116158000,4077,0.061568,1220.9170216506,141.1054335223
385611,30.1130120000,4078,0.061568,1220.9170216506,141.1054335223
385626,30.1142719000,4079,0.061568,1220.9170216506,141.1054335223
385641,30.1157246000,4080,0.061568,1220.9170216506,141.1054335223
385656,30.1171011000,4081,0.061568,1220.9170216506,141.1054335223
385671,30.1185307000,4082,0.061568,1220.9170216506,141.1054335223
385686,30.1199221000,4083,0.061568,1220.9170216506,141.1054335223
385701,30.1211149000,4084,0.061568,1220.9170216506,141.1054335223
385716,30.1224283000,4085,0.061568,1220.9170216506,141.1054335223
385731,30.1238610000,4086,0.061568,1220.9170216506,141.1054335223
385746,30.1252114000,4087,0.061568,1220.9170216506,141.1054335223
385761,30.1264299000,4088,0.061568,1220.9170216506,141.1054335223
385776,30.1278037000,4089,0.061568,1220.9170216506,141.1054335223
385791,30.1290574000,4090,0.061568,1220.9170216506,141.1054335223
385806,30.1304587000,4091,0.061568,1220.9170216506,141.1054335223
385821,30.1317648000,4092,0.061568,1220.9170216506,141.1054335223
385835,30.1329359000,4093,0.061568,1220.9170216506,141.1054335223
385849,30.1340856000,4094,0.061568,1220.9170216506,141.1054335223
385863,30.1355592000,4095,0.061568,1220.9170216506,141.1054335223
385877,30.1367276000,4096,0.061568,1220.9170216506,141.1054335223
385891,30.1380426000,4097,0.061568,1220.9170216506,141.1054335223
385905,30.1392446000,4098,0.061568,1220.9170216506,141.1054335223
385919,30.1404404000,4099,0.061568,1220.9170216506,141.1054335223
385933,30.1416296000,4100,0.061568,1220.9170216506,141.1054335223
385947,30.1427477000,4101,0.061568,1220.9170216506,141.1054335223
385961,30.1441147000,4102,0.061443,1220.9170216506,140.5344681880
385975,30.1453190000,4103,0.061443,1220.9170216506,140.5344681880
385989,30.1465961000,4104,0.061443,1220.9170216506,140.5344681880
386003,30.1477976000,4105,0.061443,1220.9170216506,140.5344681880
386017,30.1494829000,4106,0.061443,1220.9170216506,140.5344681880
386031,30.1506244000,4107,0.061443,1220.9170216506,140.5344681880
386045,30.1517391000,4108,0.061443,1220.9170216506,140.5344681880
386059,30.1530885000,4109,0.061443,1220.9170216506,140.5344681880
386073,30.1544055000,4110,0.061443,1220.9170216506,140.5344681880
386087,30.1556037000,4111,0.061443,1220.9170216506,140.5344681880
386101,30.1568839000,4112,0.061443,1220.9170216506,140.5344681880
386115,30.1580192000,4113,0.061443,1220.9170216506,140.5344681880
386129,30.1591134000,4114,0.061443,1220.9170216506,140.5344681880
386143,30.1602429000,4115,0.061441,1220.9170216506,140.5236347243
386157,30.1616681000,4116,0.061441,1220.9170216506,140.5236347243
386171,30.1630317000,4117,0.061441,1220.9170216506,140.5236347243
386185,30.1642446000,4118,0.061441,1220.9170216506,140.5236347243
386199,30.1654021000,4119,0.061441,1220.9170216506,140.5236347243
386213,30.1666073000,4120,0.061441,1220.9170216506,140.5236347243
386227,30.1678788000,4121,0.061441,1220.9170216506,140.5236347243
386241,30.1690917000,4122,0.061441,1220.9170216506,140.5236347243
386255,30.1703202000,4123,0.061441,1220.9170216506,140.5236347243
386269,30.1715274000,4124,0.061441,1220.9170216506,140.5236347243
386283,30.1726673000,4125,0.061441,1220.9170216506,140.5236347243
386297,30.1740765000,4126,0.061441,1220.9170216506,140.5236347243
386311,30.1753243000,4127,0.061441,1220.9170216506,140.5236347243
386325,30.1765003000,4128,0.061441,1220.9170216506,140.5236347243
386339,30.1778633000,4129,0.061441,1220.9170216506,140.5236347243
386353,30.1790070000,4130,0.061441,1220.9170216506,140.5236347243
386367,30.1801648000,4131,0.061441,1220.9170216506,140.5236347243
386381,30.1815177000,4132,0.061433,1220.9170216506,140.4870348097
386395,30.1826750000,4133,0.061433,1220.9170216506,140.4870348097
386409,30.1839792000,4134,0.061433,1220.9170216506,140.4870348097
386423,30.1851842000,4135,0.061433,1220.9170216506,140.4870348097
386437,30.1865251000,4136,0.061433,1220.9170216506,140.4870348097
386451,30.1878573000,4137,0.061433,1220.9170216506,140.4870348097
386465,30.1890553000,4138,0.061433,1220.9170216506,140.4870348097
386479,30.1903748000,4139,0.061433,1220.9170216506,140.4870348097
386493,30.1917147000,4140,0.061433,1220.9170216506,140.4870348097
386507,30.1929316000,4141,0.061433,1220.9170216506,140.4870348097
386521,30.1941338000,4142,0.061433,1220.9170216506,140.4870348097
386535,30.1953734000,4143,0.061433,1220.9170216506,140.4870348097
386549,30.1965210000,4144,0.061433,1220.9170216506,140.4870348097
386563,30.1976156000,4145,0.061433,1220.9170216506,140.4870348097
386577,30.1988978000,4146,0.061433,1220.9170216506,140.4870348097
386591,30.2001841000,4147,0.061433,1220.9170216506,140.4870348097
386605,30.2013618000,4148,0.061424,1220.9170216506,140.4498725555
386619,30.2027351000,4149,0.061424,1220.9170216506,140.4498725555
386633,30.2038575000,4150,0.061424,1220.9170216506,140.4498725555
386647,30.2051437000,4151,0.061424,1220.9170216506,140.4498725555
386661,30.2062994000,4152,0.061424,1220.9170216506,140.4498725555
386675,30.2074055000,4153,0.061424,1220.9170216506,140.4498725555
386689,30.2085100000,4154,0.061424,1220.9170216506,140.4498725555
386703,30.2096152000,4155,0.061424,1220.9170216506,140.4498725555
386717,30.2109847000,4156,0.061424,1220.9170216506,140.4498725555
386731,30.2123398000,4157,0.061424,1220.9170216506,140.4498725555
386745,30.2135547000,4158,0.061424,1220.9170216506,140.4498725555
386759,30.2150702000,4159,0.061424,1220.9170216506,140.4498725555
386773,30.2161959000,4160,0.061424,1220.9170216506,140.4498725555
386787,30.2174363000,4161,0.061424,1220.9170216506,140.4498725555
386801,30.2191545000,4162,0.061424,1220.9170216506,140.4498725555
386815,30.2203185000,4163,0.061424,1220.9170216506,140.4498725555
386829,30.2215373000,4164,0.061424,1220.9170216506,140.4498725555
386843,30.2227182000,4165,0.061424,1220.9170216506,140.4498725555
386857,30.2240254000,4166,0.061424,1220.9170216506,140.4498725555
386871,30.2251550000,4167,0.061424,1220.9170216506,140.4498725555
386885,30.2262645000,4168,0.061424,1220.9170216506,140.4498725555
386899,30.2276334000,4169,0.061424,1220.9170216506,140.4498725555
386913,30.2287540000,4170,0.061424,1220.9170216506,140.4498725555
386927,30.2298612000,4171,0.061424,1220.9170216506,140.4498725555
386941,30.2309836000,4172,0.061424,1220.9170216506,140.4498725555
386955,30.2322932000,4173,0.061424,1220.9170216506,140.4498725555
386969,30.2335834000,4174,0.061424,1220.9170216506,140.4498725555
386983,30.2347705000,4175,0.061424,1220.9170216506,140.4498725555
386997,30.2359165000,4176,0.061424,1220.9170216506,140.4482690758
387011,30.2370354000,4177,0.061424,1220.9170216506,140.4482690758
387025,30.2381589000,4178,0.061424,1220.9170216506,140.4482690758
387039,30.2392713000,4179,0.061424,1220.9170216506,140.4482690758
387053,30.2404680000,4180,0.061424,1220.9170216506,140.4482690758
387067,30.2416981000,4181,0.061424,1220.9170216506,140.4482690758
387081,30.2429554000,4182,0.061420,1220.9170216506,140.4343846749
387095,30.2443397000,4183,0.061420,1220.9170216506,140.4343846749
387109,30.2454632000,4184,0.061420,1220.9170216506,140.4343846749
387123,30.2466872000,4185,0.061420,1220.9170216506,140.4343846749
387137,30.2481323000,4186,0.061420,1220.9170216506,140.4343846749
387151,30.2494175000,4187,0.061420,1220.9170216506,140.4343846749
387165,30.2506608000,4188,0.061420,1220.9170216506,140.4343846749
387178,30.2517818000,4189,0.061420,1220.9170216506,140.4343846749
387191,30.2530798000,4190,0.061420,1220.9170216506,140.4343846749
387204,30.2543383000,4191,0.061420,1220.9170216506,140.4343846749
387217,30.2554713000,4192,0.061420,1220.9170216506,140.4343846749
387230,30.2566970000,4193,0.061420,1220.9170216506,140.4343846749
387243,30.2578322000,4194,0.061420,1220.9170216506,140.4343846749
387256,30.2590348000,4195,0.061420,1220.9170216506,140.4343846749
387269,30.2601822000,4196,0.061420,1220.9170216506,140.4343846749
387282,30.2614076000,4197,0.061420,1220.9170216506,140.4343846749
387295,30.2626350000,4198,0.061420,1220.9170216506,140.4343846749
387308,30.2637791000,4199,0.061420,1220.9170216506,140.4343846749
387321,30.2649934000,4200,0.061419,1220.9170216506,140.4343846749
387334,30.2661144000,4201,0.061419,1220.9170216506,140.4343846749
387347,30.2673130000,4202,0.061417,1220.9170216506,140.4270629506
387360,30.2683643000,4203,0.061417,1220.9170216506,140.4270629506
387373,30.2694359000,4204,0.061417,1220.9170216506,140.4270629506
387386,30.2704654000,4205,0.061417,1220.9170216506,140.4270629506
387399,30.2714955000,4206,0.061417,1220.9170216506,140.4270629506
387412,30.2725694000,4207,0.061417,1220.9170216506,140.4270629506
387425,30.2737532000,4208,0.061417,1220.9170216506,140.4270629506
387438,30.2748478000,4209,0.061416,1220.9170216506,140.4270629506
387451,30.2758845000,4210,0.061416,1220.9170216506,140.4270629506
387464,30.2770045000,4211,0.061416,1220.9170216506,140.4270629506
387477,30.2782718000,4212,0.061416,1220.9170216506,140.4270629506
387490,30.2794642000,4213,0.061416,1220.9170216506,140.4270629506
387503,30.2806549000,4214,0.061416,1220.9170216506,140.4270629506
387516,30.2820644000,4215,0.061413,1220.9170216506,140.4156713470
387529,30.2831834000,4216,0.061413,1220.9170216506,140.4156713470
387542,30.2843018000,4217,0.061412,1220.9170216506,140.4156713470
387555,30.2853994000,4218,0.061412,1220.9170216506,140.4156713470
387568,30.2865604000,4219,0.061412,1220.9170216506,140.4156713470
387581,30.2877077000,4220,0.061412,1220.9170216506,140.4156713470
387594,30.2888553000,4221,0.061412,1220.9170216506,140.4156713470
387607,30.2901611000,4222,0.061412,1220.9170216506,140.4156713470
387620,30.2913512000,4223,0.061393,1220.9170216506,140.3373314673
387633,30.2923937000,4224,0.061393,1220.9170216506,140.3373314673
387646,30.2934459000,4225,0.061393,1220.9170216506,140.3373314673
387659,30.2948261000,4226,0.061393,1220.9170216506,140.3373314673
387672,30.2961094000,4227,0.061332,1220.9170216506,140.0843887555
387685,30.2972263000,4228,0.061332,1220.9170216506,140.0843887555
387698,30.2983988000,4229,0.061332,1220.9170216506,140.0843887555
387711,30.2994568000,4230,0.061332,1220.9170216506,140.0843887555
387724,30.3005029000,4231,0.061332,1220.9170216506,140.0843887555
387737,30.3015464000,4232,0.061332,1220.9170216506,140.0843887555
387750,30.3026861000,4233,0.061332,1220.9170216506,140.0843887555
387763,30.3038007000,4234,0.061331,1220.9170216506,140.0843887555
387776,30.3048397000,4235,0.061331,1220.9170216506,140.0843887555
387789,30.3060989000,4236,0.061331,1220.9170216506,140.0843887555
387802,30.3074966000,4237,0.061331,1220.9170216506,140.0843887555
387815,30.3086252000,4238,0.061331,1220.9170216506,140.0843887555
387828,30.3097512000,4239,0.061331,1220.9170216506,140.0843887555
387841,30.3111663000,4240,0.061270,1220.9170216506,139.8290337991
387854,30.3122422000,4241,0.061270,1220.9170216506,139.8290337991
387867,30.3133039000,4242,0.061270,1220.9170216506,139.8290337991
387880,30.3143408000,4243,0.061204,1220.9170216506,139.5533598896
387893,30.3155384000,4244,0.061204,1220.9170216506,139.5533598896
387906,30.3166401000,4245,0.061204,1220.9170216506,139.5533598896
387919,30.3177575000,4246,0.061204,1220.9170216506,139.5533598896
387932,30.3188433000,4247,0.061204,1220.9170216506,139.5533598896
387945,30.3201708000,4248,0.061204,1220.9170216506,139.5533598896
387958,30.3213698000,4249,0.061150,1220.9170216506,139.3289539882
387971,30.3224194000,4250,0.061150,1220.9170216506,139.3289539882
387984,30.3236845000,4251,0.061150,1220.9170216506,139.3289539882
387997,30.3247383000,4252,0.061150,1220.9170216506,139.3289539882
388010,30.3258907000,4253,0.061150,1220.9170216506,139.3289539882
388023,30.3270376000,4254,0.061150,1220.9170216506,139.3289539882
388036,30.3283601000,4255,0.061150,1220.9170216506,139.3289539882
388049,30.3294928000,4256,0.061150,1220.9170216506,139.3289539882
388062,30.3305346000,4257,0.061150,1220.9170216506,139.3289539882
388075,30.3318322000,4258,0.061150,1220.9170216506,139.3289539882
388088,30.3328776000,4259,0.061150,1220.9170216506,139.3289539882
388101,30.3339296000,4260,0.061150,1220.9170216506,139.3289539882
388114,30.3350214000,4261,0.061150,1220.9170216506,139.3289539882
388127,30.3363812000,4262,0.061150,1220.9170216506,139.3289539882
388140,30.3374852000,4263,0.061150,1220.9170216506,139.3289539882
388153,30.3385339000,4264,0.061150,1220.9170216506,139.3289539882
388166,30.3395709000,4265,0.061150,1220.9170216506,139.3289539882
388179,30.3409508000,4266,0.061150,1220.9170216506,139.3289539882
388192,30.3421211000,4267,0.061150,1220.9170216506,139.3289539882
388205,30.3431394000,4268,0.061150,1220.9170216506,139.3289539882
388218,30.3444416000,4269,0.061150,1220.9170216506,139.3289539882
388231,30.3455795000,4270,0.061150,1220.9170216506,139.3289539882
388244,30.3467484000,4271,0.061150,1220.9170216506,139.3289539882
388257,30.3477826000,4272,0.061150,1220.9170216506,139.3289539882
388270,30.3490086000,4273,0.061150,1220.9170216506,139.3289539882
388283,30.3501837000,4274,0.061150,1220.9170216506,139.3289539882
388296,30.3512868000,4275,0.061150,1220.9170216506,139.3289539882
388309,30.3525380000,4276,0.061150,1220.9170216506,139.3289539882
388322,30.3536057000,4277,0.061150,1220.9170216506,139.3289539882
388335,30.3547179000,4278,0.061150,1220.9170216506,139.3289539882
388348,30.3557652000,4279,0.061150,1220.9170216506,139.3289539882
388361,30.3569310000,4280,0.061150,1220.9170216506,139.3289539882
388374,30.3579668000,4281,0.061150,1220.9170216506,139.3289539882
388387,30.3590952000,4282,0.061150,1220.9170216506,139.3289539882
388400,30.3601612000,4283,0.061150,1220.9170216506,139.3289539882
388413,30.3614571000,4284,0.061150,1220.9170216506,139.3289539882
388426,30.3626707000,4285,0.061150,1220.9170216506,139.3289539882
388439,30.3637041000,4286,0.061150,1220.9170216506,139.3289539882
388452,30.3650028000,4287,0.061150,1220.9170216506,139.3289539882
388465,30.3660386000,4288,0.061150,1220.9170216506,139.2970960456
388478,30.3670859000,4289,0.061150,1220.9170216506,139.2970960456
388491,30.3684715000,4290,0.061123,1220.9170216506,139.1848787320
388504,30.3698079000,4291,0.061123,1220.9170216506,139.1848787320
388517,30.3710008000,4292,0.061123,1220.9170216506,139.1848787320
388529,30.3719950000,4293,0.061123,1220.9170216506,139.1848787320
388541,30.3731647000,4294,0.061122,1220.9170216506,139.1848787320
388553,30.3742232000,4295,0.061122,1220.9170216506,139.1848787320
388565,30.3753472000,4296,0.061122,1220.9170216506,139.1848787320
388577,30.3764784000,4297,0.061122,1220.9170216506,139.1848787320
388589,30.3779051000,4298,0.061121,1220.9170216506,139.1848787320
388601,30.3791588000,4299,0.061121,1220.9170216506,139.1848787320
388613,30.3802045000,4300,0.061121,1220.9170216506,139.1848787320
388625,30.3811895000,4301,0.061121,1220.9170216506,139.1848787320
388637,30.3823627000,4302,0.061121,1220.9170216506,139.1848787320
388649,30.3833498000,4303,0.061120,1220.9170216506,139.1848787320
388661,30.3843286000,4304,0.061120,1220.9170216506,139.1848787320
388673,30.3852878000,4305,0.061120,1220.9170216506,139.1848787320
388685,30.3863903000,4306,0.061120,1220.9170216506,139.1848787320
388697,30.3874786000,4307,0.061119,1220.9170216506,139.1848787320
388709,30.3885853000,4308,0.061119,1220.9170216506,139.1848787320
388721,30.3896466000,4309,0.061119,1220.9170216506,139.1848787320
388733,30.3908136000,4310,0.061119,1220.9170216506,139.1848787320
388745,30.3918245000,4311,0.061119,1220.9170216506,139.1848787320
388757,30.3927898000,4312,0.061118,1220.9170216506,139.1848787320
388769,30.3938761000,4313,0.061118,1220.9170216506,139.1848787320
388781,30.3949547000,4314,0.061118,1220.9170216506,139.1848787320
388793,30.3960498000,4315,0.061118,1220.9170216506,139.1848787320
388805,30.3970924000,4316,0.061118,1220.9170216506,139.1848787320
388817,30.3983365000,4317,0.061117,1220.9170216506,139.1848787320
388829,30.3993469000,4318,0.061117,1220.9170216506,139.1848787320
388841,30.4003850000,4319,0.061117,1220.9170216506,139.1848787320
388853,30.4013752000,4320,0.061117,1220.9170216506,139.1848787320
388865,30.4023599000,4321,0.061117,1220.9170216506,139.1848787320
388877,30.4036489000,4322,0.061088,1220.9170216506,139.0649809722
388889,30.4046752000,4323,0.061088,1220.9170216506,139.0649809722
388901,30.4056444000,4324,0.061088,1220.9170216506,139.0649809722
388913,30.4069689000,4325,0.061088,1220.9170216506,139.0649809722
388925,30.4079962000,4326,0.061088,1220.9170216506,139.0649809722
388937,30.4089778000,4327,0.061082,1220.9170216506,139.0419809722
388949,30.4099480000,4328,0.061082,1220.9170216506,139.0419809722
388961,30.4111375000,4329,0.061082,1220.9170216506,139.0419809722
388973,30.4121006000,4330,0.061081,1220.9170216506,139.0419809722
388985,30.4132615000,4331,0.061081,1220.9170216506,139.0419809722
388997,30.4142862000,4332,0.061081,1220.9170216506,139.0419809722
389009,30.4152782000,4333,0.061081,1220.9170216506,139.0419809722
389021,30.4163100000,4334,0.061027,1220.9170216506,138.8140232629
389033,30.4172906000,4335,0.061021,1220.9170216506,138.7895267923
389045,30.4182883000,4336,0.061021,1220.9170216506,138.7895267923
389057,30.4193985000,4337,0.061020,1220.9170216506,138.7895267923
389069,30.4204486000,4338,0.061020,1220.9170216506,138.7895267923
389081,30.4214245000,4339,0.061020,1220.9170216506,138.7895267923
389093,30.4223976000,4340,0.061020,1220.9170216506,138.7895267923
389105,30.4235796000,4341,0.061020,1220.9170216506,138.7895267923
389117,30.4245693000,4342,0.061020,1220.9170216506,138.7895267923
389129,30.4256969000,4343,0.061019,1220.9170216506,138.7895267923
389141,30.4267623000,4344,0.061019,1220.9170216506,138.7895267923
389153,30.4280141000,4345,0.061019,1220.9170216506,138.7895267923
389165,30.4291529000,4346,0.061019,1220.9170216506,138.7895267923
389177,30.4302284000,4347,0.061019,1220.9170216506,138.7895267923
389189,30.4312229000,4348,0.061019,1220.9170216506,138.7895267923
389201,30.4321747000,4349,0.061018,1220.9170216506,138.7895267923
389213,30.4331386000,4350,0.061018,1220.9170216506,138.7895267923
389225,30.4341109000,4351,0.061018,1220.9170216506,138.7895267923
389237,30.4351024000,4352,0.061018,1220.9170216506,138.7895267923
389249,30.4362101000,4353,0.061018,1220.9170216506,138.7895267923
389261,30.4372416000,4354,0.060986,1220.9170216506,138.6569078110
389273,30.4382266000,4355,0.060986,1220.9170216506,138.6569078110
389285,30.4391781000,4356,0.060986,1220.9170216506,138.6569078110
389297,30.4403619000,4357,0.060911,1220.9170216506,138.3433484095
389309,30.4413748000,4358,0.060911,1220.9170216506,138.3433484095
389321,30.4425412000,4359,0.060911,1220.9170216506,138.3433484095
389333,30.4436101000,4360,0.060911,1220.9170216506,138.3433484095
389345,30.4446773000,4361,0.060911,1220.9170216506,138.3433484095
389357,30.4458512000,4362,0.060910,1220.9170216506,138.3433484095
389369,30.4469855000,4363,0.060910,1220.9170216506,138.3433484095
389381,30.4480794000,4364,0.060910,1220.9170216506,138.3433484095
389393,30.4491094000,4365,0.060838,1220.9170216506,138.0389872543
389405,30.4500930000,4366,0.060838,1220.9170216506,138.0389872543
389417,30.4511162000,4367,0.060837,1220.9170216506,138.0389872543
389429,30.4520998000,4368,0.060837,1220.9170216506,138.0389872543
389441,30.4533490000,4369,0.060837,1220.9170216506,138.0389872543
389453,30.4543577000,4370,0.060837,1220.9170216506,138.0389872543
389465,30.4553153000,4371,0.060837,1220.9170216506,138.0389872543
389477,30.4563511000,4372,0.060837,1220.9170216506,138.0389872543
389489,30.4573364000,4373,0.060837,1220.9170216506,138.0389872543
389501,30.4584396000,4374,0.060837,1220.9170216506,138.0389872543
389513,30.4594820000,4375,0.060837,1220.9170216506,138.0389872543
389525,30.4604601000,4376,0.060837,1220.9170216506,138.0389872543
389537,30.4615856000,4377,0.060837,1220.9170216506,138.0389872543
389549,30.4627583000,4378,0.060837,1220.9170216506,138.0389872543
389561,30.4638171000,4379,0.060837,1220.9170216506,138.0389872543
389573,30.4651543000,4380,0.060837,1220.9170216506,138.0389872543
389585,30.4661728000,4381,0.060837,1220.9170216506,138.0389872543
389597,30.4672839000,4382,0.060837,1220.9170216506,138.0389872543
389609,30.4684035000,4383,0.060837,1220.9170216506,138.0389872543
389621,30.4693994000,4384,0.060837,1220.9170216506,138.0389872543
389633,30.4703740000,4385,0.060837,1220.9170216506,138.0389872543
389645,30.4713530000,4386,0.060837,1220.9170216506,138.0389872543
389657,30.4723130000,4387,0.060837,1220.9170216506,138.0389872543
389669,30.4732814000,4388,0.060837,1220.9170216506,138.0389872543
389681,30.4742753000,4389,0.060837,1220.9170216506,138.0370898974
389693,30.4752296000,4390,0.060837,1220.9170216506,138.0370898974
389705,30.4762041000,4391,0.060837,1220.9170216506,138.0370898974
389717,30.4771714000,4392,0.060837,1220.9170216506,138.0370898974
389729,30.4781324000,4393,0.060837,1220.9170216506,138.0370898974
389741,30.4798152000,4394,0.060837,1220.9170216506,138.0370898974
389753,30.4808365000,4395,0.060837,1220.9170216506,138.0370898974
389765,30.4820089000,4396,0.060837,1220.9170216506,138.0370898974
389777,30.4830542000,4397,0.060837,1220.9170216506,138.0370898974
389789,30.4840788000,4398,0.060837,1220.9170216506,138.0370898974
389801,30.4850547000,4399,0.060837,1220.9170216506,138.0370898974
389813,30.4863545000,4400,0.060837,1220.9170216506,138.0370898974
389825,30.4874586000,4401,0.060837,1220.9170216506,138.0370898974
389837,30.4884372000,4402,0.060837,1220.9170216506,138.0370898974
389849,30.4894018000,4403,0.060837,1220.9170216506,138.0370898974
389861,30.4906762000,4404,0.060837,1220.9170216506,138.0370898974
389873,30.4918157000,4405,0.060837,1220.9170216506,138.0370898974
389884,30.4928082000,4406,0.060837,1220.9170216506,138.0370898974
389895,30.4937151000,4407,0.060837,1220.9170216506,138.0370898974
389906,30.4946246000,4408,0.060837,1220.9170216506,138.0370898974
389917,30.4956855000,4409,0.060837,1220.9170216506,138.0370898974
389928,30.4969157000,4410,0.060837,1220.9170216506,138.0370898974
389939,30.4978642000,4411,0.060837,1220.9170216506,138.0370898974
389950,30.4989266000,4412,0.060837,1220.9170216506,138.0370898974
389961,30.4999315000,4413,0.060837,1220.9170216506,138.0370898974
389972,30.5009648000,4414,0.060837,1220.9170216506,138.0208148381
389983,30.5018949000,4415,0.060837,1220.9170216506,138.0208148381
389994,30.5030263000,4416,0.060837,1220.9170216506,138.0208148381
390005,30.5039287000,4417,0.060837,1220.9170216506,138.0208148381
390016,30.5048656000,4418,0.060837,1220.9170216506,138.0208148381
390027,30.5058558000,4419,0.060837,1220.9170216506,138.0208148381
390038,30.5069488000,4420,0.060837,1220.9170216506,138.0208148381
390049,30.5079479000,4421,0.060837,1220.9170216506,138.0208148381
390060,30.5090326000,4422,0.060837,1220.9170216506,138.0208148381
390071,30.5099489000,4423,0.060837,1220.9170216506,138.0208148381
390082,30.5112072000,4424,0.060837,1220.9170216506,138.0208148381
390093,30.5121381000,4425,0.060837,1220.9170216506,138.0208148381
390104,30.5130462000,4426,0.060832,1220.9170216506,137.9943995283
390115,30.5139677000,4427,0.060832,1220.9170216506,137.9943995283
390126,30.5148842000,4428,0.060832,1220.9170216506,137.9943995283
390137,30.5157857000,4429,0.060832,1220.9170216506,137.9943995283
390148,30.5167024000,4430,0.060832,1220.9170216506,137.9943995283
390159,30.5176131000,4431,0.060832,1220.9170216506,137.9943995283
390170,30.5185078000,4432,0.060832,1220.9170216506,137.9943995283
390181,30.5194067000,4433,0.060832,1220.9170216506,137.9943995283
390192,30.5202914000,4434,0.060832,1220.9170216506,137.9943995283
390203,30.5211978000,4435,0.060832,1220.9170216506,137.9943995283
390214,30.5221412000,4436,0.060832,1220.9170216506,137.9943995283
390225,30.5230204000,4437,0.060832,1220.9170216506,137.9943995283
390236,30.5239387000,4438,0.060832,1220.9170216506,137.9943995283
390247,30.5248609000,4439,0.060832,1220.9170216506,137.9943995283
390258,30.5257728000,4440,0.060832,1220.9170216506,137.9943995283
390269,30.5266718000,4441,0.060832,1220.9170216506,137.9943995283
390280,30.5275544000,4442,0.060832,1220.9170216506,137.9943995283
390291,30.5284488000,4443,0.060832,1220.9170216506,137.9943995283
390302,30.5293719000,4444,0.060832,1220.9170216506,137.9943995283
390313,30.5302700000,4445,0.060832,1220.9170216506,137.9943995283
390324,30.5311652000,4446,0.060832,1220.9170216506,137.9943995283
390335,30.5320457000,4447,0.060832,1220.9170216506,137.9943995283
390346,30.5329232000,4448,0.060832,1220.9170216506,137.9943995283
390357,30.5338113000,4449,0.060832,1220.9170216506,137.9943995283
390368,30.5346910000,4450,0.060832,1220.9170216506,137.9943995283
390379,30.5355861000,4451,0.060832,1220.9170216506,137.9943995283
390390,30.5364819000,4452,0.060832,1220.9170216506,137.9943995283
390401,30.5373853000,4453,0.060832,1220.9170216506,137.9943995283
390412,30.5382644000,4454,0.060821,1220.9170216506,137.9261153481
390423,30.5391454000,4455,0.060821,1220.9170216506,137.9261153481
390434,30.5400514000,4456,0.060821,1220.9170216506,137.9261153481
390445,30.5409839000,4457,0.060821,1220.9170216506,137.9261153481
390456,30.5419721000,4458,0.060821,1220.9170216506,137.9261153481
390467,30.5430434000,4459,0.060821,1220.9170216506,137.9261153481
390478,30.5441833000,4460,0.060821,1220.9170216506,137.9261153481
390489,30.5451730000,4461,0.060821,1220.9170216506,137.9261153481
390500,30.5461588000,4462,0.060821,1220.9170216506,137.9225493576
390511,30.5471867000,4463,0.060820,1220.9170216506,137.9225493576
390522,30.5481327000,4464,0.060820,1220.9170216506,137.9225493576
390533,30.5490835000,4465,0.060820,1220.9170216506,137.9225493576
390544,30.5500003000,4466,0.060820,1220.9170216506,137.9225493576
390555,30.5509254000,4467,0.060819,1220.9170216506,137.9225493576
390566,30.5518312000,4468,0.060819,1220.9170216506,137.9225493576
390577,30.5527277000,4469,0.060819,1220.9170216506,137.9225493576
390588,30.5536659000,4470,0.060819,1220.9170216506,137.9225493576
390599,30.5545858000,4471,0.060818,1220.9170216506,137.9225493576
390610,30.5554810000,4472,0.060818,1220.9170216506,137.9225493576
390621,30.5563760000,4473,0.060818,1220.9170216506,137.9225493576
390632,30.5572940000,4474,0.060818,1220.9170216506,137.9225493576
390643,30.5583596000,4475,0.060817,1220.9170216506,137.9225493576
390654,30.5592844000,4476,0.060817,1220.9170216506,137.9225493576
390665,30.5601861000,4477,0.060817,1220.9170216506,137.9225493576
390676,30.5612595000,4478,0.060817,1220.9170216506,137.9225493576
390687,30.5621602000,4479,0.060817,1220.9170216506,137.9225493576
390698,30.5630839000,4480,0.060816,1220.9170216506,137.9225493576
390709,30.5639954000,4481,0.060816,1220.9170216506,137.9225493576
390720,30.5650738000,4482,0.060816,1220.9170216506,137.9225493576
390731,30.5659744000,4483,0.060816,1220.9170216506,137.9225493576
390742,30.5668856000,4484,0.060815,1220.9170216506,137.9225493576
390753,30.5677761000,4485,0.060815,1220.9170216506,137.9225493576
390764,30.5686894000,4486,0.060815,1220.9170216506,137.9225493576
390775,30.5696944000,4487,0.060815,1220.9170216506,137.9225493576
390786,30.5706000000,4488,0.060814,1220.9170216506,137.9225493576
390797,30.5714946000,4489,0.060814,1220.9170216506,137.9225493576
390808,30.5723790000,4490,0.060814,1220.9170216506,137.9225493576
390819,30.5733878000,4491,0.060814,1220.9170216506,137.9225493576
390830,30.5743123000,4492,0.060814,1220.9170216506,137.9225493576
390841,30.5752231000,4493,0.060814,1220.9170216506,137.9225493576
390852,30.5761276000,4494,0.060814,1220.9170216506,137.9225493576
390863,30.5770236000,4495,0.060814,1220.9170216506,137.9225493576
390874,30.5780284000,4496,0.060814,1220.9170216506,137.9225493576
390885,30.5789284000,4497,0.060771,1227.5364018950,137.0861235801
390896,30.5798904000,4498,0.060771,1227.5364018950,137.0861235801
390907,30.5807681000,4499,0.060771,1227.5364018950,137.0861235801
390918,30.5818281000,4500,0.060771,1227.5364018950,137.0861235801
390929,30.5827140000,4501,0.060771,1227.5364018950,137.0861235801
390940,30.5835850000,4502,0.060771,1227.5364018950,137.0861235801
390951,30.5845264000,4503,0.060771,1227.5364018950,137.0861235801
390962,30.5855951000,4504,0.060771,1227.5364018950,137.0861235801
390973,30.5865143000,4505,0.060771,1227.5364018950,137.0861235801
390984,30.5875401000,4506,0.060771,1227.5364018950,137.0861235801
390995,30.5884702000,4507,0.060771,1227.5364018950,137.0861235801
391006,30.5895064000,4508,0.060771,1227.5364018950,137.0861235801
391017,30.5907507000,4509,0.060771,1227.5364018950,137.0861235801
391028,30.5916709000,4510,0.060771,1227.5364018950,137.0861235801
391039,30.5925612000,4511,0.060653,1220.9170216506,137.2166699737
391050,30.5934552000,4512,0.060653,1220.9170216506,137.2166699737
391061,30.5946934000,4513,0.060653,1220.9170216506,137.2166699737
391072,30.5956283000,4514,0.060653,1220.9170216506,137.2166699737
391083,30.5965513000,4515,0.060653,1220.9170216506,137.2166699737
391094,30.5974305000,4516,0.060653,1220.9170216506,137.2166699737
391105,30.5984790000,4517,0.060653,1220.9170216506,137.2166699737
391116,30.5993715000,4518,0.060653,1220.9170216506,137.2166699737
391127,30.6002499000,4519,0.060653,1220.9170216506,137.2166699737
391138,30.6011429000,4520,0.060653,1220.9170216506,137.2166699737
391149,30.6020295000,4521,0.060653,1220.9170216506,137.2166699737
391160,30.6030721000,4522,0.060653,1220.9170216506,137.2134484620
391171,30.6043008000,4523,0.060653,1220.9170216506,137.2134484620
391182,30.6054565000,4524,0.060651,1220.9170216506,137.2007285006
391193,30.6063683000,4525,0.060651,1220.9170216506,137.2007285006
391204,30.6072876000,4526,0.060651,1220.9170216506,137.2007285006
391215,30.6083404000,4527,0.060651,1220.9170216506,137.2007285006
391226,30.6092726000,4528,0.060651,1220.9170216506,137.2007285006
391236,30.6102231000,4529,0.060650,1220.9170216506,137.2007285006
391246,30.6111492000,4530,0.060650,1220.9170216506,137.2007285006
391256,30.6120201000,4531,0.060650,1220.9170216506,137.2007285006
391266,30.6128441000,4532,0.060625,1220.9170216506,137.0967779152
391276,30.6136770000,4533,0.060625,1220.9170216506,137.0967779152
391286,30.6144997000,4534,0.060625,1220.9170216506,137.0967779152
391296,30.6156367000,4535,0.060625,1220.9170216506,137.0967779152
391306,30.6169013000,4536,0.060625,1220.9170216506,137.0967779152
391316,30.6177793000,4537,0.060625,1220.9170216506,137.0967779152
391326,30.6188547000,4538,0.060625,1220.9170216506,137.0967779152
391336,30.6199065000,4539,0.060625,1220.9170216506,137.0967779152
391346,30.6208532000,4540,0.060625,1220.9170216506,137.0967779152
391356,30.6218802000,4541,0.060625,1220.9170216506,137.0967779152
391366,30.6227955000,4542,0.060625,1220.9170216506,137.0967779152
391376,30.6238716000,4543,0.060624,1220.9170216506,137.0967779152
391386,30.6247182000,4544,0.060624,1220.9170216506,137.0967779152
391396,30.6255517000,4545,0.060624,1220.9170216506,137.0967779152
391406,30.6267378000,4546,0.060624,1220.9170216506,137.0967779152
391416,30.6278100000,4547,0.060624,1220.9170216506,137.0967779152
391426,30.6287839000,4548,0.060624,1220.9170216506,137.0967779152
391436,30.6297444000,4549,0.060624,1220.9170216506,137.0967779152
391446,30.6307052000,4550,0.060624,1220.9170216506,137.0967779152
391456,30.6318004000,4551,0.060624,1220.9170216506,137.0967779152
391466,30.6327146000,4552,0.060624,1220.9170216506,137.0967779152
391476,30.6336670000,4553,0.060624,1220.9170216506,137.0967779152
391486,30.6346788000,4554,0.060624,1220.9170216506,137.0967779152
391496,30.6356041000,4555,0.060624,1220.9170216506,137.0967779152
391506,30.6373129000,4556,0.060624,1220.9170216506,137.0967779152
391516,30.6385841000,4557,0.060624,1220.9170216506,137.0967779152
391526,30.6394623000,4558,0.060623,1220.9170216506,137.0967779152
391536,30.6406477000,4559,0.060623,1220.9170216506,137.0967779152
391546,30.6415402000,4560,0.060623,1220.9170216506,137.0967779152
391556,30.6423799000,4561,0.060623,1220.9170216506,137.0967779152
391566,30.6432173000,4562,0.060623,1220.9170216506,137.0967779152
391576,30.6445222000,4563,0.060623,1220.9170216506,137.0967779152
391586,30.6453910000,4564,0.060602,1220.9170216506,137.0068296777
391596,30.6463265000,4565,0.060602,1220.9170216506,137.0068296777
391606,30.6472623000,4566,0.060602,1220.9170216506,137.0068296777
391616,30.6483732000,4567,0.060602,1220.9170216506,137.0068296777
391626,30.6492759000,4568,0.060602,1220.9170216506,137.0068296777
391636,30.6502001000,4569,0.060602,1220.9170216506,137.0068296777
391646,30.6510657000,4570,0.060602,1220.9170216506,137.0068296777
391656,30.6518959000,4571,0.060602,1220.9170216506,137.0068296777
391666,30.6529272000,4572,0.060601,1220.9170216506,137.0068296777
391676,30.6547040000,4573,0.060601,1220.9170216506,137.0068296777
391686,30.6561065000,4574,0.060601,1220.9170216506,137.0068296777
391696,30.6569849000,4575,0.060601,1220.9170216506,137.0068296777
391706,30.6579124000,4576,0.060601,1220.9170216506,137.0068296777
391716,30.6588519000,4577,0.060601,1220.9170216506,137.0068296777
391726,30.6597086000,4578,0.060601,1220.9170216506,137.0068296777
391736,30.6608529000,4579,0.060601,1220.9170216506,137.0068296777
391746,30.6616980000,4580,0.060601,1220.9170216506,137.0068296777
391756,30.6625497000,4581,0.060601,1220.9170216506,137.0068296777
391766,30.6634176000,4582,0.060601,1220.9170216506,137.0068296777
391776,30.6642401000,4583,0.060601,1220.9170216506,137.0068296777
391786,30.6652707000,4584,0.060601,1220.9170216506,137.0068296777
391796,30.6662276000,4585,0.060601,1220.9170216506,137.0068296777
391806,30.6670763000,4586,0.060601,1220.9170216506,137.0068296777
391816,30.6680813000,4587,0.060601,1220.9170216506,137.0068296777
391826,30.6690013000,4588,0.060601,1220.9170216506,137.0068296777
391836,30.6698467000,4589,0.060601,1220.9170216506,137.0068296777
391846,30.6706883000,4590,0.060601,1220.9170216506,137.0068296777
391856,30.6715763000,4591,0.060601,1220.9170216506,137.0068296777
391866,30.6724208000,4592,0.060601,1220.9170216506,137.0068296777
391876,30.6733560000,4593,0.060601,1220.9170216506,137.0068296777
391886,30.6742576000,4594,0.060601,1220.9170216506,137.0068296777
391896,30.6751182000,4595,0.060601,1220.9170216506,137.0053708044
391906,30.6759759000,4596,0.060601,1220.9170216506,137.0053708044
391916,30.6769214000,4597,0.060601,1220.9170216506,137.0053708044
391926,30.6779667000,4598,0.060601,1220.9170216506,137.0053708044
391936,30.6788813000,4599,0.060601,1220.9170216506,137.0053708044
391946,30.6797372000,4600,0.060601,1220.9170216506,137.0053708044
391956,30.6807589000,4601,0.060601,1220.9170216506,137.0053708044
391966,30.6818286000,4602,0.060601,1220.9170216506,137.0053708044
391976,30.6828935000,4603,0.060601,1220.9170216506,137.0053708044
391986,30.6837795000,4604,0.060601,1220.9170216506,137.0053708044
391996,30.6848176000,4605,0.060601,1220.9170216506,137.0053708044
392006,30.6860156000,4606,0.060601,1220.9170216506,137.0053708044
392016,30.6868991000,4607,0.060601,1220.9170216506,137.0053708044
392026,30.6878605000,4608,0.060601,1220.9170216506,137.0053708044
392036,30.6888143000,4609,0.060601,1220.9170216506,137.0053708044
392046,30.6899269000,4610,0.060601,1220.9170216506,137.0053708044
392056,30.6907905000,4611,0.060601,1220.9170216506,137.0053708044
392066,30.6917413000,4612,0.060601,1220.9170216506,137.0053708044
392076,30.6926627000,4613,0.060601,1220.9170216506,137.0053708044
392086,30.6934913000,4614,0.060601,1220.9170216506,137.0053708044
392096,30.6947658000,4615,0.060601,1220.9170216506,137.0053708044
392106,30.6957979000,4616,0.060601,1220.9170216506,137.0053708044
392116,30.6969651000,4617,0.060601,1220.9170216506,137.0053708044
392126,30.6978627000,4618,0.060572,1220.9170216506,136.8825920832
392136,30.6989093000,4619,0.060572,1220.9170216506,136.8825920832
392146,30.6998461000,4620,0.060572,1220.9170216506,136.8825920832
392156,30.7007551000,4621,0.060571,1220.9170216506,136.8825920832
392166,30.7015882000,4622,0.060571,1220.9170216506,136.8825920832
392176,30.7027711000,4623,0.060571,1220.9170216506,136.8825920832
392186,30.7036878000,4624,0.060571,1220.9170216506,136.8825920832
392196,30.7046958000,4625,0.060571,1220.9170216506,136.8825920832
392206,30.7056134000,4626,0.060571,1220.9170216506,136.8825920832
392216,30.7068233000,4627,0.060571,1220.9170216506,136.8825920832
392226,30.7078696000,4628,0.060570,1220.9170216506,136.8825920832
392236,30.7087461000,4629,0.060570,1220.9170216506,136.8825920832
392246,30.7095711000,4630,0.060570,1220.9170216506,136.8825920832
392256,30.7104776000,4631,0.060548,1220.9170216506,136.7876159623
392266,30.7113491000,4632,0.060547,1220.9170216506,136.7876159623
392276,30.7123581000,4633,0.060547,1220.9170216506,136.7876159623
392286,30.7132762000,4634,0.060547,1220.9170216506,136.7876159623
392296,30.7141310000,4635,0.060547,1220.9170216506,136.7876159623
392306,30.7152924000,4636,0.060547,1220.9170216506,136.7876159623
392316,30.7163337000,4637,0.060547,1220.9170216506,136.7876159623
392326,30.7172083000,4638,0.060547,1220.9170216506,136.7876159623
392336,30.7181256000,4639,0.060547,1220.9170216506,136.7876159623
392346,30.7189830000,4640,0.060468,1220.9170216506,136.4504511851
392356,30.7199573000,4641,0.060468,1220.9170216506,136.4504511851
392366,30.7209053000,4642,0.060468,1220.9170216506,136.4504511851
392376,30.7219254000,4643,0.060468,1220.9170216506,136.4504511851
392386,30.7227730000,4644,0.060468,1220.9170216506,136.4504511851
392396,30.7236199000,4645,0.060468,1220.9170216506,136.4504511851
392406,30.7244834000,4646,0.060468,1220.9170216506,136.4504511851
392416,30.7253221000,4647,0.060468,1220.9170216506,136.4504511851
392426,30.7263228000,4648,0.060462,1220.9170216506,136.4187148248
392436,30.7272289000,4649,0.060459,1220.9170216506,136.4079659819
392446,30.7281573000,4650,0.060459,1220.9170216506,136.4079659819
392456,30.7290468000,4651,0.060459,1220.9170216506,136.4079659819
392466,30.7299020000,4652,0.060459,1220.9170216506,136.4079659819
392476,30.7307491000,4653,0.060459,1220.9170216506,136.4079659819
392486,30.7318860000,4654,0.060459,1220.9170216506,136.4079659819
392496,30.7327535000,4655,0.060444,1220.9170216506,136.3396564796
392506,30.7337768000,4656,0.060444,1220.9170216506,136.3396564796
392516,30.7349349000,4657,0.060444,1220.9170216506,136.3396564796
392526,30.7360227000,4658,0.060444,1220.9170216506,136.3396564796
392536,30.7368779000,4659,0.060444,1220.9170216506,136.3396564796
392546,30.7378956000,4660,0.060441,1220.9170216506,136.3240573946
392556,30.7388033000,4661,0.060441,1220.9170216506,136.3240573946
392566,30.7398056000,4662,0.060367,1220.9170216506,136.0091614744
392576,30.7407331000,4663,0.060367,1220.9170216506,136.0091614744
392585,30.7415147000,4664,0.060367,1220.9170216506,136.0091614744
392594,30.7423956000,4665,0.060367,1220.9170216506,136.0091614744
392603,30.7432907000,4666,0.060367,1220.9170216506,136.0091614744
392612,30.7440689000,4667,0.060367,1220.9170216506,136.0091614744
392621,30.7448503000,4668,0.060367,1220.9170216506,136.0091614744
392630,30.7456130000,4669,0.060351,1220.9170216506,135.9431796040
392639,30.7463713000,4670,0.060351,1220.9170216506,135.9431796040
392648,30.7471466000,4671,0.060351,1220.9170216506,135.9431796040
392657,30.7479107000,4672,0.060351,1220.9170216506,135.9431796040
392666,30.7486862000,4673,0.060351,1220.9170216506,135.9431796040
392675,30.7494485000,4674,0.060351,1220.9170216506,135.9431796040
392684,30.7502032000,4675,0.060351,1220.9170216506,135.9431796040
392693,30.7509532000,4676,0.060351,1220.9170216506,135.9431796040
392702,30.7517422000,4677,0.060351,1220.9170216506,135.9431796040
392711,30.7525093000,4678,0.060351,1220.9170216506,135.9431796040
392720,30.7533103000,4679,0.060351,1220.9170216506,135.9431796040
392729,30.7540757000,4680,0.060350,1220.9170216506,135.9407660334
392738,30.7549244000,4681,0.060350,1220.9170216506,135.9407660334
392747,30.7556830000,4682,0.060274,1220.9170216506,135.6181489325
392756,30.7564358000,4683,0.060273,1220.9170216506,135.6181489325
392765,30.7572467000,4684,0.060273,1220.9170216506,135.6181489325
392774,30.7580134000,4685,0.060273,1220.9170216506,135.6181489325
392783,30.7587939000,4686,0.060273,1220.9170216506,135.6181489325
392792,30.7595498000,4687,0.060273,1220.9170216506,135.6181489325
392801,30.7603102000,4688,0.060273,1220.9170216506,135.6181489325
392810,30.7610781000,4689,0.060273,1220.9170216506,135.6181489325
392819,30.7618397000,4690,0.060273,1220.9170216506,135.6181489325
392828,30.7626087000,4691,0.060273,1220.9170216506,135.6181489325
392837,30.7633726000,4692,0.060273,1220.9170216506,135.6181489325
392846,30.7641590000,4693,0.060273,1220.9170216506,135.6181489325
392855,30.7649328000,4694,0.060273,1220.9170216506,135.6181489325
392864,30.7656850000,4695,0.060273,1220.9170216506,135.6181489325
392873,30.7664457000,4696,0.060272,1220.9170216506,135.6181489325
392882,30.7672117000,4697,0.060272,1220.9170216506,135.6181489325
392891,30.7679677000,4698,0.060272,1220.9170216506,135.6181489325
392900,30.7687240000,4699,0.060271,1220.9170216506,135.6181489325
392909,30.7694692000,4700,0.060271,1220.9170216506,135.6181489325
392918,30.7702299000,4701,0.060271,1220.9170216506,135.6181489325
392927,30.7709867000,4702,0.060270,1220.9170216506,135.6181489325
392936,30.7717259000,4703,0.060270,1220.9170216506,135.6181489325
392945,30.7724868000,4704,0.060270,1220.9170216506,135.6181489325
392954,30.7732959000,4705,0.060270,1220.9170216506,135.6181489325
392963,30.7742493000,4706,0.060266,1220.9170216506,135.6054485517
392972,30.7750482000,4707,0.060254,1220.9170216506,135.5545079097
392981,30.7758504000,4708,0.060254,1220.9170216506,135.5545079097
392990,30.7766267000,4709,0.060171,1220.9170216506,135.2057114912
392999,30.7774310000,4710,0.060170,1220.9170216506,135.2057114912
393008,30.7782198000,4711,0.060170,1220.9170216506,135.2057114912
393017,30.7791150000,4712,0.060170,1220.9170216506,135.2057114912
393026,30.7800146000,4713,0.060169,1220.9170216506,135.2056299443
393035,30.7808489000,4714,0.060169,1220.9170216506,135.2056299443
393044,30.7817291000,4715,0.060169,1220.9170216506,135.2056299443
393053,30.7827446000,4716,0.060168,1220.9170216506,135.2056299443
393062,30.7835251000,4717,0.060168,1220.9170216506,135.2056299443
393071,30.7843233000,4718,0.060168,1220.9170216506,135.2056299443
393080,30.7851053000,4719,0.060167,1220.9170216506,135.2056299443
393089,30.7864308000,4720,0.060167,1220.9170216506,135.2056299443
393098,30.7872566000,4721,0.060167,1220.9170216506,135.2056299443
393107,30.7880151000,4722,0.060100,1220.9170216506,134.9270029521
393116,30.7889747000,4723,0.060100,1220.9170216506,134.9270029521
393125,30.7898042000,4724,0.060100,1220.9170216506,134.9270029521
393134,30.7905740000,4725,0.060100,1220.9170216506,134.9270029521
393143,30.7915229000,4726,0.060100,1220.9170216506,134.9270029521
393152,30.7923211000,4727,0.060100,1220.9170216506,134.9270029521
393161,30.7932322000,4728,0.060094,1220.9170216506,134.9005138037
393170,30.7942164000,4729,0.060094,1220.9170216506,134.9005138037
393179,30.7950488000,4730,0.060094,1220.9170216506,134.9005138037
393188,30.7958588000,4731,0.060094,1220.9170216506,134.9005138037
393197,30.7966294000,4732,0.060094,1220.9170216506,134.9005138037
393206,30.7974782000,4733,0.060094,1220.9170216506,134.9005138037
393215,30.7982600000,4734,0.060094,1220.9170216506,134.9005138037
393224,30.7990367000,4735,0.060093,1220.9170216506,134.8919299149
393233,30.7998082000,4736,0.060093,1220.9170216506,134.8919299149
393242,30.8008641000,4737,0.060093,1220.9170216506,134.8919299149
393251,30.8016453000,4738,0.060093,1220.9170216506,134.8919299149
393260,30.8027859000,4739,0.060093,1220.9170216506,134.8919299149
393269,30.8036876000,4740,0.060093,1220.9170216506,134.8919299149
393278,30.8045329000,4741,0.060093,1220.9170216506,134.8919299149
393287,30.8056397000,4742,0.060093,1220.9170216506,134.8919299149
393296,30.8066821000,4743,0.060093,1220.9170216506,134.8919299149
393305,30.8074677000,4744,0.060093,1220.9170216506,134.8919299149
393314,30.8084128000,4745,0.060093,1220.9170216506,134.8919299149
393323,30.8092210000,4746,0.060089,1220.9170216506,134.8731475372
393332,30.8099930000,4747,0.060089,1220.9170216506,134.8731475372
393341,30.8107479000,4748,0.060089,1220.9170216506,134.8731475372
393350,30.8115167000,4749,0.060089,1220.9170216506,134.8731475372
393359,30.8122708000,4750,0.059998,1220.9170216506,134.4846120973
393368,30.8130286000,4751,0.059998,1220.9170216506,134.4846120973
393377,30.8137785000,4752,0.059998,1220.9170216506,134.4846120973
393386,30.8145720000,4753,0.059998,1220.9170216506,134.4846120973
393395,30.8156522000,4754,0.059998,1220.9170216506,134.4846120973
393404,30.8164837000,4755,0.059998,1220.9170216506,134.4846120973
393413,30.8173213000,4756,0.059998,1220.9170216506,134.4846120973
393422,30.8180829000,4757,0.059998,1220.9170216506,134.4846120973
393431,30.8188393000,4758,0.059998,1220.9170216506,134.4846120973
393440,30.8197695000,4759,0.059997,1220.9170216506,134.4846120973
393449,30.8207003000,4760,0.059997,1220.9170216506,134.4846120973
393458,30.8216074000,4761,0.059997,1220.9170216506,134.4846120973
393467,30.8226193000,4762,0.059997,1220.9170216506,134.4846120973
393476,30.8235587000,4763,0.059997,1220.9170216506,134.4846120973
393485,30.8243852000,4764,0.059997,1220.9170216506,134.4846120973
393494,30.8251639000,4765,0.059997,1220.9170216506,134.4846120973
393503,30.8259314000,4766,0.059997,1220.9170216506,134.4846120973
393512,30.8266957000,4767,0.059997,1220.9170216506,134.4846120973
393521,30.8277728000,4768,0.059997,1220.9170216506,134.4846120973
393530,30.8286313000,4769,0.059872,1220.9170216506,133.9596120973
393539,30.8293911000,4770,0.059872,1220.9170216506,133.9596120973
393548,30.8301543000,4771,0.059872,1220.9170216506,133.9596120973
393557,30.8309001000,4772,0.059872,1220.9170216506,133.9596120973
393566,30.8319500000,4773,0.059872,1220.9170216506,133.9596120973
393575,30.8327499000,4774,0.059872,1220.9170216506,133.9596120973
393584,30.8335298000,4775,0.059872,1220.9170216506,133.9596120973
393593,30.8344960000,4776,0.059861,1220.9170216506,133.9145117884
393602,30.8353342000,4777,0.059861,1220.9170216506,133.9145117884
393611,30.8362750000,4778,0.059749,1220.9170216506,133.4415117884
393620,30.8370480000,4779,0.059749,1220.9170216506,133.4415117884
393629,30.8378450000,4780,0.059748,1220.9170216506,133.4415117884
393638,30.8386000000,4781,0.059748,1220.9170216506,133.4415117884
393647,30.8393578000,4782,0.059748,1220.9170216506,133.4415117884
393656,30.8402292000,4783,0.059748,1220.9170216506,133.4415117884
393665,30.8410897000,4784,0.059748,1220.9170216506,133.4415117884
393674,30.8418603000,4785,0.059747,1220.9170216506,133.4369969757
393683,30.8426125000,4786,0.059747,1220.9170216506,133.4369969757
393692,30.8433911000,4787,0.059747,1220.9170216506,133.4369969757
393701,30.8444425000,4788,0.059695,1220.9170216506,133.2160307188
393710,30.8453970000,4789,0.059695,1220.9170216506,133.2160307188
393719,30.8461674000,4790,0.059695,1220.9170216506,133.2160307188
393728,30.8469210000,4791,0.059695,1220.9170216506,133.2160307188
393737,30.8477056000,4792,0.059695,1220.9170216506,133.2160307188
393746,30.8487565000,4793,0.059695,1220.9170216506,133.2160307188
393755,30.8495607000,4794,0.059695,1220.9170216506,133.2160307188
393764,30.8504497000,4795,0.059695,1220.9170216506,133.2160307188
393773,30.8513180000,4796,0.059695,1220.9170216506,133.2160307188
393782,30.8522071000,4797,0.059695,1220.9170216506,133.2160307188
393791,30.8529932000,4798,0.059695,1220.9170216506,133.2160307188
393800,30.8539002000,4799,0.059695,1220.9170216506,133.2160307188
393809,30.8546987000,4800,0.059695,1220.9170216506,133.2160307188
393818,30.8556074000,4801,0.059695,1220.9170216506,133.2160307188
393827,30.8566139000,4802,0.059695,1220.9170216506,133.2160307188
393836,30.8574183000,4803,0.059695,1220.9170216506,133.2160307188
393845,30.8583662000,4804,0.059695,1220.9170216506,133.2160307188
393854,30.8592134000,4805,0.059695,1220.9170216506,133.2160307188
393863,30.8599929000,4806,0.059695,1220.9170216506,133.2160307188
393872,30.8610863000,4807,0.059695,1220.9170216506,133.2160307188
393881,30.8618379000,4808,0.059695,1220.9170216506,133.2160307188
393890,30.8629204000,4809,0.059695,1220.9170216506,133.2160307188
393899,30.8637505000,4810,0.059695,1220.9170216506,133.2160307188
393908,30.8650529000,4811,0.059695,1220.9170216506,133.2160307188
393917,30.8659313000,4812,0.059695,1220.9170216506,133.2160307188
393926,30.8667621000,4813,0.059695,1220.9170216506,133.2160307188
393934,30.8674672000,4814,0.059695,1220.9170216506,133.2160307188
393942,30.8681542000,4815,0.059627,1220.9170216506,132.9256521963
393950,30.8688815000,4816,0.059627,1220.9170216506,132.9256521963
393958,30.8698261000,4817,0.059627,1220.9170216506,132.9256521963
393966,30.8706939000,4818,0.059627,1220.9170216506,132.9256521963
393974,30.8714168000,4819,0.059627,1220.9170216506,132.9256521963
393982,30.8722694000,4820,0.059627,1220.9170216506,132.9256521963
393990,30.8733423000,4821,0.059627,1220.9170216506,132.9256521963
393998,30.8743695000,4822,0.059627,1220.9170216506,132.9256521963
394006,30.8750682000,4823,0.059627,1220.9170216506,132.9256521963
394014,30.8758547000,4824,0.059627,1220.9170216506,132.9256521963
394022,30.8766913000,4825,0.059627,1220.9170216506,132.9256521963
394030,30.8776593000,4826,0.059627,1220.9170216506,132.9256521963
394038,30.8783592000,4827,0.059627,1220.9170216506,132.9256521963
394046,30.8790722000,4828,0.059625,1220.9170216506,132.9092144361
394054,30.8797891000,4829,0.059625,1220.9170216506,132.9092144361
394062,30.8805017000,4830,0.059625,1220.9170216506,132.9092144361
394070,30.8811965000,4831,0.059625,1220.9170216506,132.9092144361
394078,30.8820940000,4832,0.059625,1220.9170216506,132.9092144361
394086,30.8828653000,4833,0.059625,1220.9170216506,132.9092144361
394094,30.8837553000,4834,0.059625,1220.9170216506,132.9092144361
394102,30.8845257000,4835,0.059625,1220.9170216506,132.9092144361
394110,30.8852353000,4836,0.059625,1220.9170216506,132.9092144361
394118,30.8861067000,4837,0.059625,1220.9170216506,132.9092144361
394126,30.8868639000,4838,0.059625,1220.9170216506,132.9092144361
394134,30.8876780000,4839,0.059625,1220.9170216506,132.9092144361
394142,30.8886074000,4840,0.059625,1220.9170216506,132.9092144361
394150,30.8893827000,4841,0.059625,1220.9170216506,132.9092144361
394158,30.8901276000,4842,0.059625,1220.9170216506,132.9092144361
394166,30.8908137000,4843,0.059625,1220.9170216506,132.9092144361
394174,30.8915132000,4844,0.059625,1220.9170216506,132.9092144361
394182,30.8922187000,4845,0.059625,1220.9170216506,132.9092144361
394190,30.8929027000,4846,0.059625,1220.9170216506,132.9092144361
394198,30.8935864000,4847,0.059612,1220.9170216506,132.8464492870
394206,30.8942777000,4848,0.059612,1220.9170216506,132.8464492870
394214,30.8952570000,4849,0.059612,1220.9170216506,132.8464492870
394222,30.8959728000,4850,0.059612,1220.9170216506,132.8464492870
394230,30.8967885000,4851,0.059612,1220.9170216506,132.8464492870
394238,30.8975805000,4852,0.059611,1220.9170216506,132.8464492870
394246,30.8986571000,4853,0.059611,1220.9170216506,132.8464492870
394254,30.8997333000,4854,0.059611,1220.9170216506,132.8464492870
394262,30.9005241000,4855,0.059611,1220.9170216506,132.8464492870
394270,30.9013282000,4856,0.059611,1220.9170216506,132.8464492870
394278,30.9021217000,4857,0.059611,1220.9170216506,132.8464492870
394286,30.9029025000,4858,0.059611,1220.9170216506,132.8464492870
394294,30.9037926000,4859,0.059611,1220.9170216506,132.8464492870
394302,30.9046963000,4860,0.059611,1220.9170216506,132.8464492870
394310,30.9054673000,4861,0.059610,1220.9170216506,132.8464492870
394318,30.9062236000,4862,0.059610,1220.9170216506,132.8464492870
394326,30.9069514000,4863,0.059610,1220.9170216506,132.8464492870
394334,30.9076626000,4864,0.059610,1220.9170216506,132.8464492870
394342,30.9085228000,4865,0.059610,1220.9170216506,132.8464492870
394350,30.9093010000,4866,0.059579,1220.9170216506,132.7180694413
394358,30.9100075000,4867,0.059579,1220.9170216506,132.7180694413
394366,30.9109183000,4868,0.059579,1220.9170216506,132.7180694413
394374,30.9116929000,4869,0.059579,1220.9170216506,132.7180694413
394382,30.9125602000,4870,0.059579,1220.9170216506,132.7180694413
394390,30.9133676000,4871,0.059579,1220.9170216506,132.7180694413
394398,30.9140842000,4872,0.059579,1220.9170216506,132.7180694413
394406,30.9149400000,4873,0.059579,1220.9170216506,132.7180694413
394414,30.9158623000,4874,0.059579,1220.9170216506,132.7180694413
394422,30.9166654000,4875,0.059579,1220.9170216506,132.7180694413
394430,30.9174665000,4876,0.059579,1220.9170216506,132.7180694413
394438,30.9183003000,4877,0.059579,1220.9170216506,132.7130477208
394446,30.9191129000,4878,0.059579,1220.9170216506,132.7130477208
394454,30.9198697000,4879,0.059579,1220.9170216506,132.7130477208
394462,30.9205842000,4880,0.059579,1220.9170216506,132.7130477208
394470,30.9214974000,4881,0.059579,1220.9170216506,132.7130477208
394478,30.9223023000,4882,0.059579,1220.9170216506,132.7130477208
394486,30.9233407000,4883,0.059579,1220.9170216506,132.7130477208
394494,30.9241424000,4884,0.059579,1220.9170216506,132.7130477208
394502,30.9248986000,4885,0.059579,1220.9170216506,132.7130477208
394510,30.9257309000,4886,0.059579,1220.9170216506,132.7130477208
394518,30.9265246000,4887,0.059579,1220.9170216506,132.7130477208
394526,30.9275086000,4888,0.059579,1220.9170216506,132.7130477208
394534,30.9282296000,4889,0.059579,1220.9170216506,132.7130477208
394542,30.9289278000,4890,0.059579,1220.9170216506,132.7130477208
394550,30.9297179000,4891,0.059579,1220.9170216506,132.7130477208
394558,30.9305194000,4892,0.059579,1220.9170216506,132.7130477208
394566,30.9313972000,4893,0.059579,1220.9170216506,132.7130477208
394574,30.9322287000,4894,0.059579,1220.9170216506,132.7069341099
394582,30.9329766000,4895,0.059579,1220.9170216506,132.7069341099
394590,30.9337444000,4896,0.059579,1220.9170216506,132.7069341099
394598,30.9345020000,4897,0.059579,1220.9170216506,132.7069341099
394606,30.9352009000,4898,0.059579,1220.9170216506,132.7069341099
394614,30.9361195000,4899,0.059579,1220.9170216506,132.7069341099
394622,30.9368133000,4900,0.059579,1220.9170216506,132.7069341099
394630,30.9375920000,4901,0.059579,1220.9170216506,132.7069341099
394638,30.9383094000,4902,0.059579,1220.9170216506,132.7069341099
394646,30.9390140000,4903,0.059579,1220.9170216506,132.7069341099
394654,30.9397227000,4904,0.059579,1220.9170216506,132.7069341099
394662,30.9404030000,4905,0.059579,1220.9170216506,132.7069341099
394670,30.9410804000,4906,0.059579,1220.9170216506,132.7069341099
394678,30.9418141000,4907,0.059579,1220.9170216506,132.7069341099
394686,30.9424982000,4908,0.059576,1220.9170216506,132.6865084273
394694,30.9431773000,4909,0.059576,1220.9170216506,132.6865084273
394702,30.9438701000,4910,0.059576,1220.9170216506,132.6865084273
394710,30.9445889000,4911,0.059576,1220.9170216506,132.6865084273
394718,30.9452807000,4912,0.059576,1220.9170216506,132.6865084273
394726,30.9459738000,4913,0.059576,1220.9170216506,132.6865084273
394734,30.9467731000,4914,0.059576,1220.9170216506,132.6865084273
394742,30.9475225000,4915,0.059576,1220.9170216506,132.6865084273
394750,30.9482280000,4916,0.059576,1220.9170216506,132.6865084273
394758,30.9489327000,4917,0.059576,1220.9170216506,132.6865084273
394766,30.9496252000,4918,0.059576,1220.9170216506,132.6865084273
394774,30.9505206000,4919,0.059575,1220.9170216506,132.6849341426
394782,30.9513060000,4920,0.059575,1220.9170216506,132.6849341426
394790,30.9520252000,4921,0.059575,1220.9170216506,132.6849341426
394798,30.9529094000,4922,0.059575,1220.9170216506,132.6849341426
394806,30.9536256000,4923,0.059575,1220.9170216506,132.6849341426
394814,30.9543252000,4924,0.059575,1220.9170216506,132.6849341426
394822,30.9552103000,4925,0.059571,1220.9170216506,132.6682119932
394830,30.9559022000,4926,0.059571,1220.9170216506,132.6682119932
394838,30.9568096000,4927,0.059571,1220.9170216506,132.6682119932
394846,30.9575876000,4928,0.059571,1220.9170216506,132.6682119932
394854,30.9582923000,4929,0.059515,1220.9170216506,132.4342550365
394862,30.9589734000,4930,0.059515,1220.9170216506,132.4342550365
394870,30.9596634000,4931,0.059515,1220.9170216506,132.4342550365
394878,30.9603648000,4932,0.059515,1220.9170216506,132.4342550365
394886,30.9612116000,4933,0.059515,1220.9170216506,132.4342550365
394894,30.9620802000,4934,0.059515,1220.9170216506,132.4342550365
394902,30.9629330000,4935,0.059515,1220.9170216506,132.4342550365
394910,30.9636462000,4936,0.059515,1220.9170216506,132.4342550365
394918,30.9647516000,4937,0.059515,1220.9170216506,132.4342550365
394926,30.9655074000,4938,0.059515,1220.9170216506,132.4342550365
394934,30.9662174000,4939,0.059445,1220.9170216506,132.1370329026
394942,30.9670882000,4940,0.059445,1220.9170216506,132.1370329026
394950,30.9678658000,4941,0.059445,1220.9170216506,132.1370329026
394958,30.9685606000,4942,0.059445,1220.9170216506,132.1370329026
394966,30.9694132000,4943,0.059445,1220.9170216506,132.1370329026
394974,30.9704517000,4944,0.059445,1220.9170216506,132.1370329026
394982,30.9712391000,4945,0.059412,1220.9170216506,131.9993628584
394990,30.9720194000,4946,0.059412,1220.9170216506,131.9993628584
394998,30.9727246000,4947,0.059412,1220.9170216506,131.9993628584
395006,30.9734375000,4948,0.059412,1220.9170216506,131.9993628584
395014,30.9743130000,4949,0.059412,1220.9170216506,131.9993628584
395022,30.9750260000,4950,0.059412,1220.9170216506,131.9993628584
395030,30.9758089000,4951,0.059411,1220.9170216506,131.9945196817
395038,30.9765927000,4952,0.059411,1220.9170216506,131.9945196817
395046,30.9773685000,4953,0.059410,1220.9170216506,131.9945196817
395054,30.9780938000,4954,0.059410,1220.9170216506,131.9945196817
395062,30.9787897000,4955,0.059410,1220.9170216506,131.9945196817
395070,30.9796131000,4956,0.059410,1220.9170216506,131.9945196817
395078,30.9803787000,4957,0.059409,1220.9170216506,131.9872469181
395086,30.9810974000,4958,0.059409,1220.9170216506,131.9872469181
395094,30.9820705000,4959,0.059409,1220.9170216506,131.9872469181
395102,30.9827761000,4960,0.059409,1220.9170216506,131.9872469181
395110,30.9835291000,4961,0.059371,1220.9170216506,131.8226606355
395118,30.9842410000,4962,0.059371,1220.9170216506,131.8226606355
395126,30.9849696000,4963,0.059371,1220.9170216506,131.8226606355
395134,30.9858927000,4964,0.059371,1220.9170216506,131.8226606355
395142,30.9866113000,4965,0.059371,1220.9170216506,131.8226606355
395150,30.9874070000,4966,0.059275,1220.9170216506,131.4080521443
395158,30.9882811000,4967,0.059275,1220.9170216506,131.4080521443
395166,30.9890030000,4968,0.059275,1220.9170216506,131.4080521443
395174,30.9899493000,4969,0.059275,1220.9170216506,131.4080521443
395182,30.9907128000,4970,0.059275,1220.9170216506,131.4080521443
395190,30.9914881000,4971,0.059275,1220.9170216506,131.4080521443
395198,30.9923909000,4972,0.059275,1220.9170216506,131.4080521443
395206,30.9931835000,4973,0.059275,1220.9170216506,131.4080521443
395214,30.9939200000,4974,0.059275,1220.9170216506,131.4080521443
395222,30.9946392000,4975,0.059275,1220.9170216506,131.4080521443
395230,30.9953755000,4976,0.059275,1220.9170216506,131.4080521443
395238,30.9960741000,4977,0.059275,1220.9170216506,131.4080521443
395246,30.9967719000,4978,0.059275,1220.9170216506,131.4080521443
395254,30.9975022000,4979,0.059275,1220.9170216506,131.4080521443
395262,30.9982027000,4980,0.059275,1220.9170216506,131.4080521443
395270,30.9989111000,4981,0.059275,1220.9170216506,131.4080521443
395278,30.9996042000,4982,0.059275,1220.9170216506,131.4080521443
395285,31.0002453000,4983,0.059275,1220.9170216506,131.4080521443
395292,31.0008732000,4984,0.059275,1220.9170216506,131.4080521443
395299,31.0015033000,4985,0.059275,1220.9170216506,131.4080521443
395306,31.0021387000,4986,0.059275,1220.9170216506,131.4080521443
395313,31.0027791000,4987,0.059275,1220.9170216506,131.4080521443
395320,31.0034048000,4988,0.059275,1220.9170216506,131.4080521443
395327,31.0040556000,4989,0.059275,1220.9170216506,131.3861335968
395334,31.0047537000,4990,0.059275,1220.9170216506,131.3861335968
395341,31.0053969000,4991,0.059275,1220.9170216506,131.3861335968
395348,31.0061448000,4992,0.059275,1220.9170216506,131.3861335968
395355,31.0070154000,4993,0.059228,1220.9170216506,131.1583156899
395362,31.0076566000,4994,0.059228,1220.9170216506,131.1583156899
395369,31.0082765000,4995,0.059228,1220.9170216506,131.1583156899
395376,31.0090776000,4996,0.059228,1220.9170216506,131.1583156899
395383,31.0097632000,4997,0.059221,1220.9170216506,131.1285654525
395390,31.0103927000,4998,0.059221,1220.9170216506,131.1285654525
395397,31.0110762000,4999,0.059221,1220.9170216506,131.1285654525
395404,31.0116946000,5000,0.059221,1220.9170216506,131.1285654525
395411,31.0123339000,5001,0.059221,1220.9170216506,131.1285654525
395418,31.0131184000,5002,0.059221,1220.9170216506,131.1285654525
395425,31.0138392000,5003,0.059221,1220.9170216506,131.1285654525
395432,31.0144770000,5004,0.059221,1220.9170216506,131.1285654525
395439,31.0154346000,5005,0.059221,1220.9170216506,131.1285654525
395446,31.0161116000,5006,0.059221,1220.9170216506,131.1285654525
395453,31.0168896000,5007,0.059221,1220.9170216506,131.1285654525
395460,31.0176037000,5008,0.059221,1220.9170216506,131.1285654525
395467,31.0183722000,5009,0.059221,1220.9170216506,131.1285654525
395474,31.0190386000,5010,0.059221,1220.9170216506,131.1285654525
395481,31.0198153000,5011,0.059221,1220.9170216506,131.1285654525
395488,31.0205247000,5012,0.059221,1220.9170216506,131.1285654525
395495,31.0211468000,5013,0.059221,1220.9170216506,131.1285654525
395502,31.0219404000,5014,0.059221,1220.9170216506,131.1285654525
395509,31.0225982000,5015,0.059221,1220.9170216506,131.1285654525
395516,31.0234593000,5016,0.059221,1220.9170216506,131.1285654525
395523,31.0242375000,5017,0.059221,1220.9170216506,131.1285654525
395530,31.0249403000,5018,0.059221,1220.9170216506,131.1285654525
395537,31.0256654000,5019,0.059221,1220.9170216506,131.1285654525
395544,31.0264359000,5020,0.059221,1220.9170216506,131.1285654525
395551,31.0272864000,5021,0.059221,1220.9170216506,131.1285654525
395558,31.0281105000,5022,0.059221,1220.9170216506,131.1285654525
395565,31.0287646000,5023,0.059221,1220.9170216506,131.1285654525
395572,31.0294787000,5024,0.059221,1220.9170216506,131.1285654525
395579,31.0301231000,5025,0.059221,1220.9170216506,131.1285654525
395586,31.0307659000,5026,0.059221,1220.9170216506,131.1285654525
395593,31.0317457000,5027,0.059221,1220.9170216506,131.1285654525
395600,31.0324521000,5028,0.059221,1220.9170216506,131.1285654525
395607,31.0330824000,5029,0.059221,1220.9170216506,131.1285654525
395614,31.0337679000,5030,0.059221,1220.9170216506,131.1285654525
395621,31.0344521000,5031,0.059205,1220.9170216506,131.0499897278
395628,31.0350841000,5032,0.059205,1220.9170216506,131.0499897278
395635,31.0358999000,5033,0.059205,1220.9170216506,131.0499897278
395642,31.0365396000,5034,0.059205,1220.9170216506,131.0499897278
395649,31.0371682000,5035,0.059205,1220.9170216506,131.0499897278
395656,31.0379690000,5036,0.059205,1220.9170216506,131.0499897278
395663,31.0387098000,5037,0.059205,1220.9170216506,131.0499897278
395670,31.0395292000,5038,0.059205,1220.9170216506,131.0499897278
395677,31.0405169000,5039,0.059205,1220.9170216506,131.0499897278
395684,31.0411814000,5040,0.059205,1220.9170216506,131.0499897278
395691,31.0418076000,5041,0.059204,1220.9170216506,131.0455930423
395698,31.0424298000,5042,0.059204,1220.9170216506,131.0455930423
395705,31.0430481000,5043,0.059204,1220.9170216506,131.0455930423
395712,31.0436656000,5044,0.059204,1220.9170216506,131.0455930423
395719,31.0445695000,5045,0.059203,1220.9170216506,131.0455930423
395726,31.0452407000,5046,0.059203,1220.9170216506,131.0455930423
395733,31.0460216000,5047,0.059203,1220.9170216506,131.0455930423
395740,31.0467277000,5048,0.059203,1220.9170216506,131.0455930423
395747,31.0473893000,5049,0.059203,1220.9170216506,131.0455930423
395754,31.0483483000,5050,0.059203,1220.9170216506,131.0455930423
395761,31.0489789000,5051,0.059203,1220.9170216506,131.0455930423
395768,31.0496616000,5052,0.059203,1220.9170216506,131.0455930423
395775,31.0502784000,5053,0.059203,1220.9170216506,131.0455930423
395782,31.0509062000,5054,0.059203,1220.9170216506,131.0455930423
395789,31.0515459000,5055,0.059203,1220.9170216506,131.0455930423
395796,31.0523663000,5056,0.059203,1220.9170216506,131.0455930423
395803,31.0530296000,5057,0.059203,1220.9170216506,131.0455930423
395810,31.0537241000,5058,0.059203,1220.9170216506,131.0455930423
395817,31.0544543000,5059,0.059203,1220.9170216506,131.0455930423
395824,31.0551346000,5060,0.059203,1220.9170216506,131.0455930423
395831,31.0557692000,5061,0.059203,1220.9170216506,131.0455930423
395838,31.0564013000,5062,0.059203,1220.9170216506,131.0455930423
395845,31.0570190000,5063,0.059203,1220.9170216506,131.0455930423
395852,31.0577492000,5064,0.059203,1220.9170216506,131.0455930423
395859,31.0584111000,5065,0.059203,1220.9170216506,131.0455930423
395866,31.0590673000,5066,0.059203,1220.9170216506,131.0455930423
395873,31.0597075000,5067,0.059203,1220.9170216506,131.0455930423
395880,31.0603470000,5068,0.059203,1220.9170216506,131.0455930423
395887,31.0610005000,5069,0.059203,1220.9170216506,131.0455930423
395894,31.0616822000,5070,0.059203,1220.9170216506,131.0455930423
395901,31.0623188000,5071,0.059203,1220.9170216506,131.0455930423
395908,31.0629529000,5072,0.059203,1220.9170216506,131.0455930423
395915,31.0635893000,5073,0.059203,1220.9170216506,131.0455930423
395922,31.0642309000,5074,0.059203,1220.9170216506,131.0455930423
395929,31.0648908000,5075,0.059181,1220.9170216506,130.9415930423
395936,31.0655401000,5076,0.059181,1220.9170216506,130.9415930423
395943,31.0661581000,5077,0.059181,1220.9170216506,130.9415930423
395950,31.0667933000,5078,0.059181,1220.9170216506,130.9415930423
395957,31.0674242000,5079,0.059181,1220.9170216506,130.9415930423
395964,31.0680574000,5080,0.059181,1220.9170216506,130.9415930423
395971,31.0687009000,5081,0.059181,1220.9170216506,130.9415930423
395978,31.0694531000,5082,0.059181,1220.9170216506,130.9415930423
395985,31.0700869000,5083,0.059181,1220.9170216506,130.9415930423
395992,31.0707245000,5084,0.059181,1220.9170216506,130.9415930423
395999,31.0713668000,5085,0.059181,1220.9170216506,130.9415930423
396006,31.0719925000,5086,0.059181,1220.9170216506,130.9415930423
396013,31.0726610000,5087,0.059181,1220.9170216506,130.9415930423
396020,31.0733616000,5088,0.059181,1220.9170216506,130.9415930423
396027,31.0740964000,5089,0.059181,1220.9170216506,130.9415930423
396034,31.0747432000,5090,0.059181,1220.9170216506,130.9415930423
396041,31.0753808000,5091,0.059181,1220.9170216506,130.9415930423
396048,31.0760079000,5092,0.059181,1220.9170216506,130.9415930423
396055,31.0766341000,5093,0.059181,1220.9170216506,130.9415930423
396062,31.0774952000,5094,0.059181,1220.9170216506,130.9415930423
396069,31.0781668000,5095,0.059181,1220.9170216506,130.9415930423
396076,31.0787983000,5096,0.059181,1220.9170216506,130.9415930423
396083,31.0796001000,5097,0.059181,1220.9170216506,130.9415930423
396090,31.0802352000,5098,0.059181,1220.9170216506,130.9415930423
396097,31.0809044000,5099,0.059181,1220.9170216506,130.9415930423
396104,31.0818333000,5100,0.059181,1220.9170216506,130.9415930423
396111,31.0824592000,5101,0.059181,1220.9170216506,130.9415930423
396118,31.0830800000,5102,0.059181,1220.9170216506,130.9415930423
396125,31.0840068000,5103,0.059181,1220.9170216506,130.9415930423
396132,31.0847257000,5104,0.059181,1220.9170216506,130.9415930423
396139,31.0853548000,5105,0.059181,1220.9170216506,130.9415930423
396146,31.0860007000,5106,0.059181,1220.9170216506,130.9415930423
396153,31.0866359000,5107,0.059181,1220.9170216506,130.9415930423
396160,31.0872621000,5108,0.059181,1220.9170216506,130.9415930423
396167,31.0878728000,5109,0.059181,1220.9170216506,130.9415930423
396174,31.0884845000,5110,0.059181,1220.9170216506,130.9415930423
396181,31.0891133000,5111,0.059181,1220.9170216506,130.9415930423
396188,31.0897441000,5112,0.059181,1220.9170216506,130.9415930423
396195,31.0903608000,5113,0.059181,1220.9170216506,130.9415930423
396202,31.0909867000,5114,0.059181,1220.9170216506,130.9415930423
396209,31.0916148000,5115,0.059181,1220.9170216506,130.9415930423
396216,31.0922461000,5116,0.059181,1220.9170216506,130.9415930423
396223,31.0928603000,5117,0.059181,1220.9170216506,130.9415930423
396230,31.0934761000,5118,0.059181,1220.9170216506,130.9415930423
396237,31.0940813000,5119,0.059181,1220.9170216506,130.9349768455
396244,31.0947022000,5120,0.059181,1220.9170216506,130.9349768455
396251,31.0953103000,5121,0.059181,1220.9170216506,130.9349768455
396258,31.0959313000,5122,0.059181,1220.9170216506,130.9349768455
396265,31.0965450000,5123,0.059181,1220.9170216506,130.9349768455
396272,31.0971699000,5124,0.059181,1220.9170216506,130.9349768455
396279,31.0977817000,5125,0.059181,1220.9170216506,130.9349768455
396286,31.0984350000,5126,0.059181,1220.9170216506,130.9349768455
396293,31.0990534000,5127,0.059181,1220.9170216506,130.9349768455
396300,31.0996768000,5128,0.059181,1220.9170216506,130.9349768455
396307,31.1003045000,5129,0.059181,1220.9170216506,130.9349768455
396314,31.1009509000,5130,0.059181,1220.9170216506,130.9349768455
396321,31.1015648000,5131,0.059181,1220.9170216506,130.9349768455
396328,31.1021920000,5132,0.059181,1220.9170216506,130.9349768455
396335,31.1029808000,5133,0.059181,1220.9170216506,130.9349768455
396342,31.1037040000,5134,0.059181,1220.9170216506,130.9349768455
396349,31.1043511000,5135,0.059181,1220.9170216506,130.9349768455
396356,31.1050313000,5136,0.059181,1220.9170216506,130.9349768455
396363,31.1057265000,5137,0.059181,1220.9170216506,130.9349768455
396370,31.1063781000,5138,0.059181,1220.9170216506,130.9349768455
396377,31.1073945000,5139,0.059181,1220.9170216506,130.9349768455
396384,31.1080918000,5140,0.059181,1220.9170216506,130.9349768455
396391,31.1087413000,5141,0.059181,1220.9170216506,130.9349768455
396398,31.1093701000,5142,0.059171,1220.9170216506,130.8818654495
396405,31.1099956000,5143,0.059170,1220.9170216506,130.8818654495
396412,31.1109156000,5144,0.059170,1220.9170216506,130.8818654495
396419,31.1116069000,5145,0.059170,1220.9170216506,130.8818654495
396426,31.1122372000,5146,0.059170,1220.9170216506,130.8818654495
396433,31.1130679000,5147,0.059169,1220.9170216506,130.8818654495
396440,31.1137799000,5148,0.059169,1220.9170216506,130.8818654495
396447,31.1144134000,5149,0.059169,1220.9170216506,130.8818654495
396454,31.1153988000,5150,0.059168,1220.9170216506,130.8818654495
396461,31.1160655000,5151,0.059168,1220.9170216506,130.8818654495
396468,31.1168192000,5152,0.059168,1220.9170216506,130.8818654495
396475,31.1175309000,5153,0.059168,1220.9170216506,130.8818654495
396482,31.1182859000,5154,0.059167,1220.9170216506,130.8818654495
396489,31.1189537000,5155,0.059167,1220.9170216506,130.8818654495
396496,31.1198945000,5156,0.059167,1220.9170216506,130.8818654495
396503,31.1206017000,5157,0.059166,1220.9170216506,130.8809831155
396510,31.1212395000,5158,0.059166,1220.9170216506,130.8809831155
396517,31.1218611000,5159,0.059166,1220.9170216506,130.8809831155
396524,31.1224881000,5160,0.059165,1220.9170216506,130.8809831155
396531,31.1233473000,5161,0.059165,1220.9170216506,130.8809831155
396538,31.1240805000,5162,0.059165,1220.9170216506,130.8809831155
396545,31.1247189000,5163,0.059165,1220.9170216506,130.8809831155
396552,31.1255841000,5164,0.059164,1220.9170216506,130.8809831155
396559,31.1263084000,5165,0.059164,1220.9170216506,130.8809831155
396566,31.1269529000,5166,0.059164,1220.9170216506,130.8809831155
396573,31.1277436000,5167,0.059164,1220.9170216506,130.8809831155
396580,31.1285457000,5168,0.059164,1220.9170216506,130.8809831155
396587,31.1292455000,5169,0.059164,1220.9170216506,130.8809831155
396594,31.1298964000,5170,0.059164,1220.9170216506,130.8809831155
396601,31.1306717000,5171,0.059164,1220.9170216506,130.8809831155
396608,31.1313547000,5172,0.059164,1220.9170216506,130.8809831155
396615,31.1319794000,5173,0.059164,1220.9170216506,130.8809831155
396622,31.1325959000,5174,0.059164,1220.9170216506,130.8809831155
396628,31.1331541000,5175,0.059164,1220.9170216506,130.8809831155
396634,31.1339259000,5176,0.059164,1220.9170216506,130.8809831155
396640,31.1345725000,5177,0.059164,1220.9170216506,130.8809831155
396646,31.1351310000,5178,0.059100,1220.9170216506,130.6118963762
396652,31.1359654000,5179,0.059100,1220.9170216506,130.6118963762
396658,31.1367262000,5180,0.059100,1220.9170216506,130.6118963762
396664,31.1373786000,5181,0.059100,1220.9170216506,130.6118963762
396670,31.1379507000,5182,0.059100,1220.9170216506,130.6118963762
396676,31.1385303000,5183,0.059100,1220.9170216506,130.6118963762
396682,31.1392177000,5184,0.059100,1220.9170216506,130.6118963762
396688,31.1400334000,5185,0.059100,1220.9170216506,130.6118963762
396694,31.1406086000,5186,0.059100,1220.9170216506,130.6118963762
396700,31.1412069000,5187,0.059100,1220.9170216506,130.6118963762
396706,31.1419621000,5188,0.059100,1220.9170216506,130.6118963762
396712,31.1425912000,5189,0.059100,1220.9170216506,130.6118963762
396718,31.1431582000,5190,0.059100,1220.9170216506,130.6118963762
396724,31.1439371000,5191,0.059100,1220.9170216506,130.6118963762
396730,31.1445397000,5192,0.059100,1220.9170216506,130.6118963762
396736,31.1450951000,5193,0.059100,1220.9170216506,130.6118963762
396742,31.1456422000,5194,0.059100,1220.9170216506,130.6118963762
396748,31.1461901000,5195,0.059100,1220.9170216506,130.6118963762
396754,31.1467325000,5196,0.059100,1220.9170216506,130.6118963762
396760,31.1472785000,5197,0.059100,1220.9170216506,130.6118963762
396766,31.1478356000,5198,0.059100,1220.9170216506,130.6118963762
396772,31.1487195000,5199,0.059100,1220.9170216506,130.6118963762
396778,31.1492879000,5200,0.059100,1220.9170216506,130.6118963762
396784,31.1498632000,5201,0.059100,1220.9170216506,130.6118963762
396790,31.1504270000,5202,0.059100,1220.9170216506,130.6095702094
396796,31.1510074000,5203,0.059100,1220.9170216506,130.6095702094
396802,31.1515598000,5204,0.059100,1220.9170216506,130.6095702094
396808,31.1525654000,5205,0.059100,1220.9170216506,130.6095702094
396814,31.1532286000,5206,0.059100,1220.9170216506,130.6095702094
396820,31.1538194000,5207,0.059100,1220.9170216506,130.6095702094
396826,31.1545225000,5208,0.059100,1220.9170216506,130.6095702094
396832,31.1551676000,5209,0.059100,1220.9170216506,130.6095702094
396838,31.1557299000,5210,0.059100,1220.9170216506,130.6095702094
396844,31.1565492000,5211,0.059100,1220.9170216506,130.6095702094
396850,31.1571524000,5212,0.059100,1220.9170216506,130.6095702094
396856,31.1577153000,5213,0.059100,1220.9170216506,130.6095702094
396862,31.1583506000,5214,0.059100,1220.9170216506,130.6095702094
396868,31.1590216000,5215,0.059100,1220.9170216506,130.6095702094
396874,31.1595909000,5216,0.059100,1220.9170216506,130.6095702094
396880,31.1601623000,5217,0.059100,1220.9170216506,130.6095702094
396886,31.1608278000,5218,0.059100,1220.9170216506,130.6095702094
396892,31.1615216000,5219,0.059100,1220.9170216506,130.6095702094
396898,31.1621114000,5220,0.059100,1220.9170216506,130.6095702094
396904,31.1628230000,5221,0.059100,1220.9170216506,130.6095702094
396910,31.1634722000,5222,0.059100,1220.9170216506,130.6095702094
396916,31.1640424000,5223,0.059100,1220.9170216506,130.6095702094
396922,31.1646238000,5224,0.059100,1220.9170216506,130.6095702094
396928,31.1653355000,5225,0.059100,1220.9170216506,130.6095702094
396934,31.1660746000,5226,0.059100,1220.9170216506,130.6095702094
396940,31.1666330000,5227,0.059100,1220.9170216506,130.6095702094
396946,31.1671996000,5228,0.059100,1220.9170216506,130.6095702094
396952,31.1677645000,5229,0.059029,1220.9170216506,130.2698529390
396958,31.1683298000,5230,0.059029,1220.9170216506,130.2698529390
396964,31.1689036000,5231,0.059029,1220.9170216506,130.2698529390
396970,31.1694579000,5232,0.059029,1220.9170216506,130.2698529390
396976,31.1700451000,5233,0.059029,1220.9170216506,130.2698529390
396982,31.1706224000,5234,0.059029,1220.9170216506,130.2698529390
396988,31.1711932000,5235,0.059029,1220.9170216506,130.2698529390
396994,31.1717463000,5236,0.059029,1220.9170216506,130.2698529390
397000,31.1723072000,5237,0.059029,1220.9170216506,130.2698529390
397006,31.1728564000,5238,0.059029,1220.9170216506,130.2698529390
397012,31.1735835000,5239,0.059029,1220.9170216506,130.2698529390
397018,31.1741678000,5240,0.059029,1220.9170216506,130.2698529390
397024,31.1748532000,5241,0.059029,1220.9170216506,130.2698529390
397030,31.1756038000,5242,0.059029,1220.9170216506,130.2698529390
397036,31.1761827000,5243,0.059029,1220.9170216506,130.2698529390
397042,31.1768883000,5244,0.059029,1220.9170216506,130.2698529390
397048,31.1776254000,5245,0.059029,1220.9170216506,130.2698529390
397054,31.1783263000,5246,0.059029,1220.9170216506,130.2698529390
397060,31.1789553000,5247,0.059029,1220.9170216506,130.2698529390
397066,31.1795592000,5248,0.059029,1220.9170216506,130.2698529390
397072,31.1801232000,5249,0.059029,1220.9170216506,130.2698529390
397078,31.1807854000,5250,0.059029,1220.9170216506,130.2698529390
397084,31.1817084000,5251,0.058934,1220.9170216506,129.8688398413
397090,31.1822841000,5252,0.058934,1220.9170216506,129.8688398413
397096,31.1828602000,5253,0.058934,1220.9170216506,129.8688398413
397102,31.1834317000,5254,0.058934,1220.9170216506,129.8688398413
397108,31.1839835000,5255,0.058930,1220.9170216506,129.8516074570
397114,31.1845219000,5256,0.058930,1220.9170216506,129.8516074570
397120,31.1850941000,5257,0.058930,1220.9170216506,129.8516074570
397126,31.1859120000,5258,0.058930,1220.9170216506,129.8516074570
397132,31.1865388000,5259,0.058928,1220.9170216506,129.8439154698
397138,31.1871111000,5260,0.058928,1220.9170216506,129.8439154698
397144,31.1878232000,5261,0.058928,1220.9170216506,129.8439154698
397150,31.1884402000,5262,0.058916,1220.9170216506,129.7915165082
397156,31.1890196000,5263,0.058916,1220.9170216506,129.7915165082
397162,31.1898019000,5264,0.058916,1220.9170216506,129.7915165082
397168,31.1904889000,5265,0.058916,1220.9170216506,129.7915165082
397174,31.1910592000,5266,0.058902,1220.9170216506,129.7338595507
397180,31.1917758000,5267,0.058902,1220.9170216506,129.7338595507
397186,31.1924127000,5268,0.058902,1220.9170216506,129.7338595507
397192,31.1930036000,5269,0.058902,1220.9170216506,129.7338595507
397198,31.1935588000,5270,0.058902,1220.9170216506,129.7338595507
397204,31.1943223000,5271,0.058902,1220.9170216506,129.7338595507
397210,31.1949205000,5272,0.058902,1220.9170216506,129.7338595507
397216,31.1954904000,5273,0.058902,1220.9170216506,129.7338595507
397222,31.1962492000,5274,0.058902,1220.9170216506,129.7338595507
397228,31.1968671000,5275,0.058902,1220.9170216506,129.7338595507
397234,31.1974765000,5276,0.058902,1220.9170216506,129.7338595507
397240,31.1981420000,5277,0.058902,1220.9170216506,129.7338595507
397246,31.1987730000,5278,0.058902,1220.9170216506,129.7338595507
397252,31.1993302000,5279,0.058902,1220.9170216506,129.7338595507
397258,31.1999614000,5280,0.058902,1220.9170216506,129.7338595507
397264,31.2006268000,5281,0.058902,1220.9170216506,129.7338595507
397270,31.2011939000,5282,0.058902,1220.9170216506,129.7338595507
397276,31.2017535000,5283,0.058902,1220.9170216506,129.7338595507
397282,31.2026406000,5284,0.058902,1220.9170216506,129.7338595507
397288,31.2032375000,5285,0.058902,1220.9170216506,129.7338595507
397294,31.2038495000,5286,0.058902,1220.9170216506,129.7338595507
397300,31.2045622000,5287,0.058902,1220.9170216506,129.7338595507
397306,31.2051758000,5288,0.058902,1220.9170216506,129.7338595507
397312,31.2057297000,5289,0.058902,1220.9170216506,129.7338595507
397318,31.2064801000,5290,0.058902,1220.9170216506,129.7338595507
397324,31.2070519000,5291,0.058902,1220.9170216506,129.7338595507
397330,31.2076096000,5292,0.058902,1220.9170216506,129.7338595507
397336,31.2081741000,5293,0.058902,1220.9170216506,129.7338595507
397342,31.2087304000,5294,0.058902,1220.9170216506,129.7338595507
397348,31.2092851000,5295,0.058902,1220.9170216506,129.7338595507
397354,31.2098374000,5296,0.058902,1220.9170216506,129.7338595507
397360,31.2104014000,5297,0.058902,1220.9170216506,129.7338595507
397366,31.2111116000,5298,0.058902,1220.9170216506,129.7338595507
397372,31.2117708000,5299,0.058902,1220.9170216506,129.7338595507
397378,31.2124816000,5300,0.058902,1220.9170216506,129.7338595507
397384,31.2134316000,5301,0.058902,1220.9170216506,129.7319486291
397390,31.2141795000,5302,0.058902,1220.9170216506,129.7319486291
397396,31.2148742000,5303,0.058902,1220.9170216506,129.7319486291
397402,31.2154739000,5304,0.058902,1220.9170216506,129.7319486291
397408,31.2160514000,5305,0.058902,1220.9170216506,129.7319486291
397414,31.2166180000,5306,0.058902,1220.9170216506,129.7319486291
397420,31.2171630000,5307,0.058902,1220.9170216506,129.7319486291
397426,31.2177193000,5308,0.058902,1220.9170216506,129.7319486291
397432,31.2182847000,5309,0.058902,1220.9170216506,129.7319486291
397438,31.2188445000,5310,0.058902,1220.9170216506,129.7319486291
397444,31.2196774000,5311,0.058902,1220.9170216506,129.7319486291
397450,31.2203354000,5312,0.058902,1220.9170216506,129.7319486291
397456,31.2209102000,5313,0.058902,1220.9170216506,129.7319486291
397462,31.2214718000,5314,0.058902,1220.9170216506,129.7319486291
397468,31.2220339000,5315,0.058902,1220.9170216506,129.7319486291
397474,31.2225851000,5316,0.058902,1220.9170216506,129.7319486291
397480,31.2234102000,5317,0.058902,1220.9170216506,129.7319486291
397486,31.2240587000,5318,0.058902,1220.9170216506,129.7319486291
397492,31.2246281000,5319,0.058902,1220.9170216506,129.7319486291
397498,31.2253604000,5320,0.058902,1220.9170216506,129.7319486291
397504,31.2259888000,5321,0.058902,1220.9170216506,129.7319486291
397510,31.2265964000,5322,0.058902,1220.9170216506,129.7319486291
397516,31.2274067000,5323,0.058902,1220.9170216506,129.7319486291
397522,31.2280493000,5324,0.058902,1220.9170216506,129.7319486291
397528,31.2286166000,5325,0.058902,1220.9170216506,129.7319486291
397534,31.2292560000,5326,0.058902,1220.9170216506,129.7319486291
397540,31.2299117000,5327,0.058902,1220.9170216506,129.7319486291
397546,31.2304972000,5328,0.058902,1220.9170216506,129.7319486291
397552,31.2310790000,5329,0.058902,1220.9170216506,129.7319486291
397558,31.2318458000,5330,0.058902,1220.9170216506,129.7319486291
397564,31.2324640000,5331,0.058902,1220.9170216506,129.7319486291
397570,31.2330406000,5332,0.058902,1220.9170216506,129.7319486291
397576,31.2336467000,5333,0.058902,1220.9170216506,129.7319486291
397582,31.2342070000,5334,0.058902,1220.9170216506,129.7319486291
397588,31.2347701000,5335,0.058902,1220.9170216506,129.7319486291
397594,31.2353274000,5336,0.058902,1220.9170216506,129.7319486291
397600,31.2360146000,5337,0.058902,1220.9170216506,129.7319486291
397606,31.2366349000,5338,0.058902,1220.9170216506,129.7319486291
397612,31.2372019000,5339,0.058902,1220.9170216506,129.7319486291
397618,31.2380021000,5340,0.058902,1220.9170216506,129.7319486291
397624,31.2387349000,5341,0.058902,1220.9170216506,129.7319486291
397630,31.2393667000,5342,0.058902,1220.9170216506,129.7319486291
397636,31.2400489000,5343,0.058902,1220.9170216506,129.7319486291
397642,31.2407153000,5344,0.058902,1220.9170216506,129.7319486291
397648,31.2412802000,5345,0.058902,1220.9170216506,129.7319486291
397654,31.2418458000,5346,0.058902,1220.9170216506,129.7319486291
397660,31.2424095000,5347,0.058902,1220.9170216506,129.7319486291
397666,31.2429718000,5348,0.058902,1220.9170216506,129.7319486291
397672,31.2435252000,5349,0.058902,1220.9170216506,129.7319486291
397678,31.2443557000,5350,0.058902,1220.9170216506,129.7319486291
397684,31.2449770000,5351,0.058902,1220.9170216506,129.7319486291
397690,31.2455485000,5352,0.058902,1220.9170216506,129.7319486291
397696,31.2461057000,5353,0.058902,1220.9170216506,129.7319486291
397702,31.2467432000,5354,0.058902,1220.9170216506,129.7319486291
397708,31.2474682000,5355,0.058902,1220.9170216506,129.7319486291
397714,31.2480616000,5356,0.058902,1220.9170216506,129.7319486291
397720,31.2486300000,5357,0.058902,1220.9170216506,129.7319486291
397726,31.2493641000,5358,0.058902,1220.9170216506,129.7319486291
397732,31.2500034000,5359,0.058902,1220.9170216506,129.7319486291
397738,31.2505671000,5360,0.058902,1220.9170216506,129.7319486291
397744,31.2511181000,5361,0.058902,1220.9170216506,129.7319486291
397750,31.2516772000,5362,0.058902,1220.9170216506,129.7319486291
397756,31.2522390000,5363,0.058902,1220.9170216506,129.7319486291
397762,31.2528934000,5364,0.058902,1220.9170216506,129.7319486291
397768,31.2537813000,5365,0.058902,1220.9170216506,129.7319486291
397774,31.2544149000,5366,0.058902,1220.9170216506,129.7319486291
397780,31.2550155000,5367,0.058902,1220.9170216506,129.7319486291
397786,31.2557431000,5368,0.058902,1220.9170216506,129.7319486291
397792,31.2564997000,5369,0.058902,1220.9170216506,129.7319486291
397798,31.2571200000,5370,0.058902,1220.9170216506,129.7319486291
397804,31.2576681000,5371,0.058884,1155.1834010564,135.9923855027
397810,31.2582302000,5372,0.058884,1155.1834010564,135.9923855027
397816,31.2589363000,5373,0.058884,1155.1834010564,135.9923855027
397822,31.2595571000,5374,0.058884,1155.1834010564,135.9923855027
397828,31.2602671000,5375,0.058883,1155.1834010564,135.9923855027
397834,31.2610781000,5376,0.058883,1155.1834010564,135.9923855027
397840,31.2616466000,5377,0.058883,1155.1834010564,135.9923855027
397846,31.2622997000,5378,0.058883,1155.1834010564,135.9923855027
397852,31.2629878000,5379,0.058883,1155.1834010564,135.9923855027
397858,31.2636790000,5380,0.058883,1155.1834010564,135.9923855027
397864,31.2642445000,5381,0.058883,1155.1834010564,135.9923855027
397870,31.2651122000,5382,0.058883,1155.1834010564,135.9923855027
397876,31.2659034000,5383,0.058883,1155.1834010564,135.9923855027
397882,31.2665496000,5384,0.058883,1155.1834010564,135.9923855027
397888,31.2671204000,5385,0.058883,1155.1834010564,135.9923855027
397894,31.2677722000,5386,0.058883,1155.1834010564,135.9923855027
397900,31.2683419000,5387,0.058883,1155.1834010564,135.9923855027
397906,31.2690827000,5388,0.058883,1155.1834010564,135.9923855027
397912,31.2696786000,5389,0.058883,1155.1834010564,135.9923855027
397918,31.2702306000,5390,0.058882,1155.1834010564,135.9923855027
397924,31.2707971000,5391,0.058882,1155.1834010564,135.9923855027
397930,31.2713521000,5392,0.058882,1155.1834010564,135.9923855027
397936,31.2719064000,5393,0.058882,1155.1834010564,135.9923855027
397942,31.2724505000,5394,0.058882,1155.1834010564,135.9923855027
397948,31.2733080000,5395,0.058882,1155.1834010564,135.9923855027
397954,31.2740311000,5396,0.058882,1155.1834010564,135.9923855027
397960,31.2746442000,5397,0.058882,1155.1834010564,135.9923855027
397966,31.2753592000,5398,0.058862,1114.1060471509,139.8912796376
397972,31.2760177000,5399,0.058861,1220.9170216506,129.5292804918
397978,31.2767310000,5400,0.058861,1220.9170216506,129.5292804918
397983,31.2777540000,5401,0.058861,1220.9170216506,129.5292804918
397988,31.2783346000,5402,0.058861,1220.9170216506,129.5292804918
397993,31.2789183000,5403,0.058861,1220.9170216506,129.5292804918
397998,31.2794874000,5404,0.058861,1220.9170216506,129.5292804918
398003,31.2800009000,5405,0.058861,1220.9170216506,129.5292804918
398008,31.2805210000,5406,0.058861,1220.9170216506,129.5292804918
398013,31.2810165000,5407,0.058861,1220.9170216506,129.5292804918
398018,31.2816785000,5408,0.058861,1220.9170216506,129.5292804918
398023,31.2821763000,5409,0.058861,1220.9170216506,129.5292804918
398028,31.2826837000,5410,0.058861,1220.9170216506,129.5292804918
398033,31.2831750000,5411,0.058832,1114.1060471509,139.7621379153
398038,31.2836705000,5412,0.058832,1114.1060471509,139.7621379153
398043,31.2841638000,5413,0.058806,1220.9170216506,129.2944930504
398048,31.2846572000,5414,0.058806,1220.9170216506,129.2944930504
398053,31.2851643000,5415,0.058806,1220.9170216506,129.2944930504
398058,31.2860006000,5416,0.058806,1220.9170216506,129.2944930504
398063,31.2864969000,5417,0.058806,1220.9170216506,129.2944930504
398068,31.2870060000,5418,0.058806,1220.9170216506,129.2944930504
398073,31.2874994000,5419,0.058806,1220.9170216506,129.2944930504
398078,31.2879988000,5420,0.058806,1220.9170216506,129.2944930504
398083,31.2884725000,5421,0.058806,1220.9170216506,129.2944930504
398088,31.2891569000,5422,0.058806,1220.9170216506,129.2944930504
398093,31.2897490000,5423,0.058806,1220.9170216506,129.2944930504
398098,31.2902453000,5424,0.058806,1220.9170216506,129.2944930504
398103,31.2908256000,5425,0.058806,1220.9170216506,129.2944930504
398108,31.2913436000,5426,0.058806,1220.9170216506,129.2944930504
398113,31.2921032000,5427,0.058801,1220.9170216506,129.2654743606
398118,31.2926758000,5428,0.058801,1220.9170216506,129.2654743606
398123,31.2932243000,5429,0.058801,1220.9170216506,129.2654743606
398128,31.2939491000,5430,0.058801,1220.9170216506,129.2654743606
398133,31.2946584000,5431,0.058801,1220.9170216506,129.2654743606
398138,31.2951602000,5432,0.058801,1220.9170216506,129.2654743606
398143,31.2956613000,5433,0.058801,1220.9170216506,129.2654743606
398148,31.2961393000,5434,0.058801,1220.9170216506,129.2654743606
398153,31.2966246000,5435,0.058801,1220.9170216506,129.2654743606
398158,31.2971307000,5436,0.058801,1220.9170216506,129.2654743606
398163,31.2976185000,5437,0.058801,1220.9170216506,129.2654743606
398168,31.2983691000,5438,0.058801,1220.9170216506,129.2654743606
398173,31.2989167000,5439,0.058801,1220.9170216506,129.2654743606
398178,31.2994220000,5440,0.058801,1220.9170216506,129.2654743606
398183,31.2999258000,5441,0.058801,1220.9170216506,129.2654743606
398188,31.3004251000,5442,0.058801,1220.9170216506,129.2654743606
398193,31.3009234000,5443,0.058719,1155.1834010564,135.2941759020
398198,31.3014255000,5444,0.058719,1155.1834010564,135.2941759020
398203,31.3019189000,5445,0.058719,1155.1834010564,135.2941759020
398208,31.3025658000,5446,0.058719,1155.1834010564,135.2941759020
398213,31.3031757000,5447,0.058719,1155.1834010564,135.2941759020
398218,31.3036858000,5448,0.058703,1155.1834010564,135.2293773330
398223,31.3042019000,5449,0.058703,1155.1834010564,135.2293773330
398228,31.3046889000,5450,0.058698,1155.1834010564,135.2084319659
398233,31.3051824000,5451,0.058698,1155.1834010564,135.2084319659
398238,31.3056798000,5452,0.058698,1155.1834010564,135.2084319659
398243,31.3061652000,5453,0.058655,1213.3570216506,129.3862082520
398248,31.3069349000,5454,0.058655,1213.3570216506,129.3862082520
398253,31.3074270000,5455,0.058655,1213.3570216506,129.3862082520
398258,31.3079221000,5456,0.058655,1213.3570216506,129.3862082520
398263,31.3086496000,5457,0.058650,1155.1834010564,135.0052500635
398268,31.3091663000,5458,0.058650,1155.1834010564,135.0052500635
398273,31.3096717000,5459,0.058650,1155.1834010564,135.0052500635
398278,31.3101747000,5460,0.058650,1155.1834010564,135.0052500635
398283,31.3109296000,5461,0.058639,1155.1834010564,134.9593163450
398288,31.3114683000,5462,0.058639,1155.1834010564,134.9593163450
398293,31.3119729000,5463,0.058628,1155.1834010564,134.9105432087
398298,31.3126325000,5464,0.058628,1155.1834010564,134.9105432087
398303,31.3132326000,5465,0.058628,1155.1834010564,134.9105432087
398308,31.3137522000,5466,0.058628,1155.1834010564,134.9105432087
398313,31.3142642000,5467,0.058628,1155.1834010564,134.9105432087
398318,31.3149833000,5468,0.058628,1155.1834010564,134.9105432087
398323,31.3155546000,5469,0.058628,1155.1834010564,134.9105432087
398328,31.3160574000,5470,0.058628,1155.1834010564,134.9105432087
398333,31.3167261000,5471,0.058628,1155.1834010564,134.9105432087
398338,31.3172969000,5472,0.058628,1155.1834010564,134.9105432087
398343,31.3177924000,5473,0.058628,1155.1834010564,134.9105432087
398348,31.3182974000,5474,0.058628,1155.1834010564,134.9105432087
398353,31.3190355000,5475,0.058382,1202.0670717069,129.3253964800
398358,31.3196969000,5476,0.058382,1202.0670717069,129.3253964800
398363,31.3202566000,5477,0.058382,1202.0670717069,129.3253964800
398368,31.3207496000,5478,0.058382,1202.0670717069,129.3253964800
398373,31.3212410000,5479,0.058382,1202.0670717069,129.3253964800
398378,31.3217281000,5480,0.058382,1202.0670717069,129.3253964800
398383,31.3222180000,5481,0.058382,1202.0670717069,129.3253964800
398388,31.3227059000,5482,0.058382,1202.0670717069,129.3253964800
398393,31.3235020000,5483,0.058382,1202.0670717069,129.3253964800
398398,31.3241217000,5484,0.058382,1202.0670717069,129.3253964800
398403,31.3246267000,5485,0.058382,1202.0670717069,129.3253964800
398408,31.3252665000,5486,0.058382,1202.0670717069,129.3253964800
398413,31.3258298000,5487,0.058382,1202.0670717069,129.3253964800
398418,31.3263117000,5488,0.058382,1202.0670717069,129.3253964800
398423,31.3268065000,5489,0.058382,1202.0670717069,129.3253964800
398428,31.3275663000,5490,0.058382,1202.0670717069,129.3253964800
398433,31.3280865000,5491,0.058382,1202.0670717069,129.3253964800
398438,31.3285861000,5492,0.058382,1202.0670717069,129.3253964800
398443,31.3291862000,5493,0.058382,1202.0670717069,129.3253964800
398448,31.3297894000,5494,0.058382,1202.0670717069,129.3253964800
398453,31.3302603000,5495,0.058382,1202.0670717069,129.3253964800
398458,31.3307431000,5496,0.058230,1202.0670717069,128.6684816231
398463,31.3313480000,5497,0.058230,1202.0670717069,128.6684816231
398468,31.3318709000,5498,0.058230,1202.0670717069,128.6684816231
398473,31.3323747000,5499,0.058230,1202.0670717069,128.6684816231
398478,31.3328635000,5500,0.058230,1202.0670717069,128.6684816231
398483,31.3333588000,5501,0.058230,1202.0670717069,128.6684816231
398488,31.3338416000,5502,0.058230,1202.0670717069,128.6684816231
398493,31.3343417000,5503,0.058230,1202.0670717069,128.6684816231
398498,31.3348392000,5504,0.058230,1202.0670717069,128.6684816231
398503,31.3353474000,5505,0.058230,1202.0670717069,128.6684816231
398508,31.3359221000,5506,0.058230,1202.0670717069,128.6684816231
398513,31.3367573000,5507,0.058230,1202.0670717069,128.6684816231
398518,31.3373196000,5508,0.058230,1202.0670717069,128.6684816231
398523,31.3378530000,5509,0.058230,1202.0670717069,128.6684816231
398528,31.3384045000,5510,0.058230,1202.0670717069,128.6684816231
398533,31.3389061000,5511,0.058230,1202.0670717069,128.6684816231
398538,31.3393959000,5512,0.058230,1202.0670717069,128.6684816231
398543,31.3398979000,5513,0.058230,1202.0670717069,128.6684816231
398548,31.3403876000,5514,0.058230,1202.0670717069,128.6684816231
398553,31.3408751000,5515,0.058230,1202.0670717069,128.6684816231
398558,31.3414495000,5516,0.058230,1202.0670717069,128.6684816231
398563,31.3419541000,5517,0.058230,1202.0670717069,128.6684816231
398568,31.3424447000,5518,0.058230,1202.0670717069,128.6684816231
398573,31.3429305000,5519,0.058230,1202.0670717069,128.6684816231
398578,31.3434245000,5520,0.058230,1202.0670717069,128.6684816231
398583,31.3439671000,5521,0.058230,1202.0670717069,128.6684816231
398588,31.3445402000,5522,0.058230,1202.0670717069,128.6684816231
398593,31.3450495000,5523,0.058230,1202.0670717069,128.6684816231
398598,31.3457539000,5524,0.058230,1202.0670717069,128.6684816231
398603,31.3463501000,5525,0.058230,1202.0670717069,128.6684816231
398608,31.3468679000,5526,0.058230,1202.0670717069,128.6684816231
398613,31.3474215000,5527,0.058230,1202.0670717069,128.6684816231
398618,31.3481578000,5528,0.058230,1202.0670717069,128.6684816231
398623,31.3487135000,5529,0.058230,1202.0670717069,128.6684816231
398628,31.3491980000,5530,0.058230,1202.0670717069,128.6684816231
398633,31.3496773000,5531,0.058230,1202.0670717069,128.6684816231
398638,31.3501981000,5532,0.058230,1202.0670717069,128.6684816231
398643,31.3506917000,5533,0.058230,1202.0670717069,128.6684816231
398648,31.3511817000,5534,0.058230,1202.0670717069,128.6684816231
398653,31.3516813000,5535,0.058230,1202.0670717069,128.6684816231
398658,31.3523588000,5536,0.058230,1202.0670717069,128.6684816231
398663,31.3528792000,5537,0.058230,1202.0670717069,128.6684816231
398668,31.3533799000,5538,0.058230,1202.0670717069,128.6684816231
398673,31.3540328000,5539,0.058207,1202.0670717069,128.5271569933
398678,31.3546155000,5540,0.058207,1202.0670717069,128.5271569933
398683,31.3551150000,5541,0.058207,1202.0670717069,128.5271569933
398688,31.3556123000,5542,0.058204,1202.0670717069,128.5136036934
398693,31.3561022000,5543,0.058186,1201.6964811654,128.4737395179
398698,31.3566138000,5544,0.058186,1201.6964811654,128.4737395179
398703,31.3571118000,5545,0.058186,1201.6964811654,128.4737395179
398708,31.3576191000,5546,0.058186,1201.6964811654,128.4737395179
398713,31.3581047000,5547,0.058186,1201.6964811654,128.4737395179
398718,31.3585898000,5548,0.058186,1201.6964811654,128.4737395179
398723,31.3590834000,5549,0.058186,1201.6964811654,128.4737395179
398728,31.3595943000,5550,0.058186,1201.6964811654,128.4737395179
398733,31.3600922000,5551,0.058186,1201.6964811654,128.4737395179
398738,31.3605765000,5552,0.058129,1201.6964811654,128.2330607442
398743,31.3612504000,5553,0.058126,1201.6964811654,128.2236171927
398748,31.3618455000,5554,0.058097,1201.6964811654,128.0995462009
398753,31.3623539000,5555,0.058097,1201.6964811654,128.0995462009
398758,31.3628525000,5556,0.058097,1201.6964811654,128.0995462009
398763,31.3633522000,5557,0.058097,1201.6964811654,128.0995462009
398768,31.3638267000,5558,0.058097,1201.6964811654,128.0995462009
398773,31.3643277000,5559,0.058097,1201.6964811654,128.0995462009
398778,31.3650529000,5560,0.058094,1201.6964811654,128.0891556310
398783,31.3655656000,5561,0.058094,1201.6964811654,128.0891556310
398788,31.3660674000,5562,0.058094,1201.6964811654,128.0891556310
398793,31.3666762000,5563,0.058094,1201.6964811654,128.0891556310
398798,31.3672009000,5564,0.058094,1201.6964811654,128.0891556310
398803,31.3676852000,5565,0.058094,1201.6964811654,128.0891556310
398808,31.3681785000,5566,0.058094,1201.6964811654,128.0891556310
398813,31.3688317000,5567,0.058094,1201.6964811654,128.0891556310
398818,31.3693707000,5568,0.058094,1201.6964811654,128.0891556310
398823,31.3698763000,5569,0.058094,1201.6964811654,128.0891556310
398828,31.3703693000,5570,0.058094,1201.6964811654,128.0891556310
398833,31.3710214000,5571,0.058092,1201.6964811654,128.0829590136
398838,31.3716139000,5572,0.058092,1201.6964811654,128.0829590136
398843,31.3721106000,5573,0.058092,1201.6964811654,128.0829590136
398848,31.3726001000,5574,0.058092,1201.6964811654,128.0829590136
398853,31.3731084000,5575,0.058092,1201.6964811654,128.0829590136
398858,31.3735905000,5576,0.058091,1201.6964811654,128.0805977097
398863,31.3740794000,5577,0.058091,1201.6964811654,128.0805977097
398868,31.3745623000,5578,0.058091,1201.6964811654,128.0805977097
398873,31.3750464000,5579,0.058091,1201.6964811654,128.0805977097
398878,31.3755200000,5580,0.058091,1201.6964811654,128.0805977097
398883,31.3760082000,5581,0.058091,1201.6964811654,128.0805977097
398888,31.3764954000,5582,0.058091,1201.6964811654,128.0805977097
398893,31.3769827000,5583,0.058091,1201.6964811654,128.0805977097
398898,31.3774754000,5584,0.058091,1201.6964811654,128.0805977097
398903,31.3779533000,5585,0.058091,1201.6964811654,128.0805977097
398908,31.3784471000,5586,0.058091,1201.6964811654,128.0805977097
398913,31.3789385000,5587,0.058091,1201.6964811654,128.0805977097
398918,31.3794284000,5588,0.058091,1201.6964811654,128.0805977097
398923,31.3799221000,5589,0.058091,1201.6964811654,128.0805977097
398928,31.3804213000,5590,0.058091,1201.6964811654,128.0805977097
398933,31.3808948000,5591,0.058091,1201.6964811654,128.0805977097
398938,31.3814192000,5592,0.058091,1201.6964811654,128.0805977097
398943,31.3819108000,5593,0.058091,1201.6964811654,128.0805977097
398948,31.3823803000,5594,0.058091,1201.6964811654,128.0805977097
398953,31.3828671000,5595,0.058091,1201.6964811654,128.0805977097
398958,31.3833558000,5596,0.058091,1201.6964811654,128.0805977097
398963,31.3838340000,5597,0.058091,1201.6964811654,128.0805977097
398968,31.3843167000,5598,0.058091,1201.6964811654,128.0805977097
398973,31.3847968000,5599,0.058091,1201.6964811654,128.0805977097
398978,31.3852756000,5600,0.058091,1201.6964811654,128.0805977097
398983,31.3859222000,5601,0.058091,1201.6964811654,128.0805977097
398988,31.3864141000,5602,0.058091,1201.6964811654,128.0805977097
398993,31.3868843000,5603,0.058091,1201.6964811654,128.0805977097
398998,31.3873491000,5604,0.058091,1201.6964811654,128.0805977097
399003,31.3878306000,5605,0.058091,1201.6964811654,128.0805977097
399008,31.3884010000,5606,0.058091,1201.6964811654,128.0805977097
399013,31.3889029000,5607,0.058091,1201.6964811654,128.0805977097
399018,31.3894241000,5608,0.058091,1201.6964811654,128.0805977097
399023,31.3899764000,5609,0.058091,1201.6964811654,128.0805977097
399028,31.3904575000,5610,0.058091,1201.6964811654,128.0805977097
399033,31.3909386000,5611,0.058091,1201.6964811654,128.0805977097
399038,31.3914260000,5612,0.058091,1201.6964811654,128.0805977097
399043,31.3919013000,5613,0.058091,1201.6964811654,128.0805977097
399048,31.3923783000,5614,0.058091,1201.6964811654,128.0805977097
399053,31.3928807000,5615,0.058091,1201.6964811654,128.0805977097
399058,31.3933626000,5616,0.058091,1201.6964811654,128.0805977097
399063,31.3938351000,5617,0.058091,1201.6964811654,128.0709415096
399068,31.3945477000,5618,0.058091,1201.6964811654,128.0709415096
399073,31.3950689000,5619,0.058091,1201.6964811654,128.0709415096
399078,31.3955592000,5620,0.058091,1201.6964811654,128.0709415096
399083,31.3961789000,5621,0.058091,1201.6964811654,128.0709415096
399088,31.3967293000,5622,0.058091,1201.6964811654,128.0709415096
399093,31.3973043000,5623,0.058091,1201.6964811654,128.0709415096
399098,31.3980615000,5624,0.058091,1201.6964811654,128.0709415096
399103,31.3987034000,5625,0.058084,1201.6964811654,128.0395396898
399108,31.3992103000,5626,0.058059,1201.6964811654,127.9350569396
399113,31.3996932000,5627,0.058059,1201.6964811654,127.9350569396
399118,31.4002208000,5628,0.058059,1201.6964811654,127.9350569396
399123,31.4008032000,5629,0.058059,1201.6964811654,127.9350569396
399128,31.4013101000,5630,0.058059,1201.6964811654,127.9350569396
399133,31.4017911000,5631,0.057748,1201.6964811654,126.6253367819
399138,31.4023098000,5632,0.057748,1201.6964811654,126.6253367819
399143,31.4028414000,5633,0.057748,1201.6964811654,126.6253367819
399148,31.4033418000,5634,0.057748,1201.6964811654,126.6253367819
399153,31.4038446000,5635,0.057748,1201.6964811654,126.6253367819
399158,31.4043411000,5636,0.057748,1201.6964811654,126.6253367819
399163,31.4048434000,5637,0.057748,1201.6964811654,126.6253367819
399168,31.4053258000,5638,0.057748,1201.6964811654,126.6253367819
399173,31.4059028000,5639,0.057681,1201.6964811654,126.3424479340
399178,31.4064793000,5640,0.057681,1201.6964811654,126.3424479340
399183,31.4071594000,5641,0.057681,1201.6964811654,126.3424479340
399188,31.4078087000,5642,0.057681,1201.6964811654,126.3424479340
399193,31.4083045000,5643,0.057589,1197.1604811654,126.3978352520
399198,31.4088217000,5644,0.057589,1197.1604811654,126.3978352520
399203,31.4093745000,5645,0.057522,1194.4783890246,126.3765599645
399208,31.4098723000,5646,0.057522,1194.4783890246,126.3765599645
399213,31.4104968000,5647,0.057522,1194.4783890246,126.3765599645
399218,31.4113535000,5648,0.057522,1194.4783890246,126.3765599645
399223,31.4119256000,5649,0.057522,1194.4783890246,126.3765599645
399228,31.4125102000,5650,0.057522,1194.4783890246,126.3765599645
399233,31.4130321000,5651,0.057522,1194.4783890246,126.3765599645
399238,31.4135327000,5652,0.057522,1194.4783890246,126.3765599645
399243,31.4140186000,5653,0.057522,1194.4783890246,126.3765599645
399248,31.4145139000,5654,0.057522,1194.4783890246,126.3765599645
399253,31.4150122000,5655,0.057521,1194.4783890246,126.3765599645
399258,31.4154866000,5656,0.057521,1194.4783890246,126.3765599645
399263,31.4159774000,5657,0.057521,1194.4783890246,126.3765599645
399268,31.4164526000,5658,0.057521,1194.4783890246,126.3765599645
399273,31.4169383000,5659,0.057521,1194.4783890246,126.3765599645
399278,31.4174153000,5660,0.057490,1194.4783890246,126.2453384171
399283,31.4179094000,5661,0.057490,1194.4783890246,126.2453384171
399288,31.4183881000,5662,0.057490,1194.4783890246,126.2453384171
399293,31.4188684000,5663,0.057490,1194.4783890246,126.2453384171
399298,31.4193736000,5664,0.057490,1194.4783890246,126.2453384171
399303,31.4198595000,5665,0.057490,1194.4783890246,126.2453384171
399308,31.4203525000,5666,0.057490,1194.4783890246,126.2453384171
399313,31.4208335000,5667,0.057490,1194.4783890246,126.2453384171
399318,31.4213261000,5668,0.057490,1194.4783890246,126.2453384171
399323,31.4218501000,5669,0.057490,1194.4783890246,126.2453384171
399328,31.4223345000,5670,0.057458,1194.4783890246,126.1103384171
399332,31.4227549000,5671,0.057458,1194.4783890246,126.1103384171
399336,31.4234326000,5672,0.057458,1194.4783890246,126.1103384171
399340,31.4239498000,5673,0.057458,1194.4783890246,126.1103384171
399344,31.4243897000,5674,0.057458,1194.4783890246,126.1103384171
399348,31.4248276000,5675,0.057458,1194.4783890246,126.1103384171
399352,31.4253108000,5676,0.057458,1194.4783890246,126.1103384171
399356,31.4257271000,5677,0.057458,1194.4783890246,126.1103384171
399360,31.4261508000,5678,0.057458,1194.4783890246,126.1103384171
399364,31.4265580000,5679,0.057458,1194.4783890246,126.1103384171
399368,31.4269634000,5680,0.057458,1194.4783890246,126.1103384171
399372,31.4273719000,5681,0.057458,1194.4783890246,126.1103384171
399376,31.4277859000,5682,0.057458,1194.4783890246,126.1103384171
399380,31.4281994000,5683,0.057458,1194.4783890246,126.1103384171
399384,31.4286078000,5684,0.057458,1194.4783890246,126.1103384171
399388,31.4290978000,5685,0.057458,1194.4783890246,126.1103384171
399392,31.4295329000,5686,0.057458,1194.4783890246,126.1103384171
399396,31.4299541000,5687,0.057458,1194.4783890246,126.1103384171
399400,31.4304019000,5688,0.057458,1194.4783890246,126.1103384171
399404,31.4308386000,5689,0.057458,1194.4783890246,126.1103384171
399408,31.4314784000,5690,0.057458,1194.4783890246,126.1103384171
399412,31.4319407000,5691,0.057458,1194.4783890246,126.1103384171
399416,31.4323666000,5692,0.057458,1194.4783890246,126.1103384171
399420,31.4328066000,5693,0.057458,1194.4783890246,126.1103384171
399424,31.4333661000,5694,0.057375,1194.4783890246,125.7539049181
399428,31.4339062000,5695,0.057375,1194.4783890246,125.7539049181
399432,31.4343357000,5696,0.057375,1194.4783890246,125.7539049181
399436,31.4347571000,5697,0.057365,1194.4783890246,125.7085401637
399440,31.4351783000,5698,0.057365,1194.4783890246,125.7085401637
399444,31.4357168000,5699,0.057365,1194.4783890246,125.7085401637
399448,31.4361266000,5700,0.057283,1194.4783890246,125.3633957555
399452,31.4365518000,5701,0.057283,1194.4783890246,125.3633957555
399456,31.4369963000,5702,0.057283,1194.4783890246,125.3633957555
399460,31.4374055000,5703,0.057257,1194.4783890246,125.2500651554
399464,31.4378094000,5704,0.057257,1194.4783890246,125.2500651554
399468,31.4382404000,5705,0.057257,1194.4783890246,125.2500651554
399472,31.4386728000,5706,0.057257,1194.4783890246,125.2500651554
399476,31.4390905000,5707,0.057257,1194.4783890246,125.2500651554
399480,31.4394967000,5708,0.057257,1194.4783890246,125.2500651554
399484,31.4399201000,5709,0.057257,1194.4783890246,125.2500651554
399488,31.4403375000,5710,0.057257,1194.4783890246,125.2500651554
399492,31.4407501000,5711,0.057257,1194.4783890246,125.2500651554
399496,31.4411788000,5712,0.057257,1194.4783890246,125.2500651554
399500,31.4415804000,5713,0.057257,1194.4783890246,125.2500651554
399504,31.4419973000,5714,0.057257,1194.4783890246,125.2500651554
399508,31.4424136000,5715,0.057257,1194.4783890246,125.2500651554
399512,31.4428221000,5716,0.057257,1194.4783890246,125.2500651554
399516,31.4432546000,5717,0.057257,1194.4783890246,125.2500651554
399520,31.4436609000,5718,0.057257,1194.4783890246,125.2500651554
399524,31.4440799000,5719,0.057257,1194.4783890246,125.2500651554
399528,31.4444889000,5720,0.057257,1194.4783890246,125.2500651554
399532,31.4448852000,5721,0.057257,1194.4783890246,125.2500651554
399536,31.4452830000,5722,0.057257,1194.4783890246,125.2500651554
399540,31.4457021000,5723,0.057257,1194.4783890246,125.2500651554
399544,31.4461187000,5724,0.057257,1194.4783890246,125.2500651554
399548,31.4465104000,5725,0.057257,1194.4783890246,125.2500651554
399552,31.4469191000,5726,0.057257,1194.4783890246,125.2500651554
399556,31.4473220000,5727,0.057257,1194.4783890246,125.2500651554
399560,31.4477451000,5728,0.057257,1194.4783890246,125.2500651554
399564,31.4482331000,5729,0.057257,1194.4783890246,125.2500651554
399568,31.4487862000,5730,0.057257,1194.4783890246,125.2500651554
399572,31.4493053000,5731,0.057257,1194.4783890246,125.2500651554
399576,31.4497366000,5732,0.057257,1194.4783890246,125.2500651554
399580,31.4501556000,5733,0.057257,1194.4783890246,125.2500651554
399584,31.4505922000,5734,0.057257,1194.4783890246,125.2500651554
399588,31.4510150000,5735,0.057257,1194.4783890246,125.2500651554
399592,31.4514439000,5736,0.057257,1194.4783890246,125.2500651554
399596,31.4518805000,5737,0.057257,1194.4783890246,125.2500651554
399600,31.4524722000,5738,0.057257,1194.4783890246,125.2500651554
399604,31.4529101000,5739,0.057257,1194.4783890246,125.2500651554
399608,31.4533299000,5740,0.057257,1194.4783890246,125.2500651554
399612,31.4537467000,5741,0.057244,1194.4783890246,125.1642482051
399616,31.4542459000,5742,0.057244,1194.4783890246,125.1642482051
399620,31.4546547000,5743,0.057244,1194.4783890246,125.1642482051
399624,31.4550643000,5744,0.057244,1194.4783890246,125.1642482051
399628,31.4554793000,5745,0.057244,1194.4783890246,125.1642482051
399632,31.4558980000,5746,0.057244,1194.4783890246,125.1642482051
399636,31.4562991000,5747,0.057244,1194.4783890246,125.1642482051
399640,31.4567150000,5748,0.057244,1194.4783890246,125.1642482051
399644,31.4571073000,5749,0.057244,1194.4783890246,125.1642482051
399648,31.4575006000,5750,0.057244,1194.4783890246,125.1642482051
399652,31.4579190000,5751,0.057244,1194.4783890246,125.1642482051
399656,31.4583232000,5752,0.057244,1194.4783890246,125.1642482051
399660,31.4587405000,5753,0.057244,1194.4783890246,125.1642482051
399664,31.4591459000,5754,0.057244,1194.4783890246,125.1642482051
399668,31.4595406000,5755,0.057242,1194.4783890246,125.1527515749
399672,31.4599339000,5756,0.057242,1194.4783890246,125.1527515749
399676,31.4603484000,5757,0.057242,1194.4783890246,125.1527515749
399680,31.4610254000,5758,0.057242,1194.4783890246,125.1527515749
399684,31.4615532000,5759,0.057242,1194.4783890246,125.1527515749
399688,31.4619978000,5760,0.057242,1194.4783890246,125.1527515749
399692,31.4624477000,5761,0.057242,1194.4783890246,125.1527515749
399696,31.4629640000,5762,0.057242,1194.4783890246,125.1527515749
399700,31.4633818000,5763,0.057241,1194.4783890246,125.1527515749
399704,31.4637965000,5764,0.057241,1194.4783890246,125.1527515749
399708,31.4642111000,5765,0.057241,1194.4783890246,125.1527515749
399712,31.4646087000,5766,0.057241,1194.4783890246,125.1527515749
399716,31.4652521000,5767,0.057241,1194.4783890246,125.1527515749
399720,31.4657784000,5768,0.057236,1194.4783890246,125.1335131438
399724,31.4662052000,5769,0.057236,1194.4783890246,125.1335131438
399728,31.4666523000,5770,0.057236,1194.4783890246,125.1335131438
399732,31.4671145000,5771,0.057236,1194.4783890246,125.1335131438
399736,31.4676904000,5772,0.057236,1194.4783890246,125.1335131438
399740,31.4682057000,5773,0.057236,1194.4783890246,125.1335131438
399744,31.4686205000,5774,0.057235,1194.4783890246,125.1335131438
399748,31.4690414000,5775,0.057235,1194.4783890246,125.1335131438
399752,31.4694443000,5776,0.057235,1194.4783890246,125.1335131438
399756,31.4698383000,5777,0.057235,1194.4783890246,125.1335131438
399760,31.4702570000,5778,0.057235,1194.4783890246,125.1335131438
399764,31.4706501000,5779,0.057150,1194.4783890246,124.7755131438
399768,31.4710511000,5780,0.057150,1194.4783890246,124.7755131438
399772,31.4714630000,5781,0.057150,1194.4783890246,124.7755131438
399776,31.4718501000,5782,0.057113,1194.4783890246,124.6200123517
399780,31.4722541000,5783,0.057113,1194.4783890246,124.6200123517
399784,31.4726444000,5784,0.057113,1194.4783890246,124.6200123517
399788,31.4730648000,5785,0.057113,1194.4783890246,124.6200123517
399792,31.4734627000,5786,0.057113,1194.4783890246,124.6200123517
399796,31.4738840000,5787,0.057113,1194.4783890246,124.6200123517
399800,31.4742787000,5788,0.057113,1194.4783890246,124.6200123517
399804,31.4746780000,5789,0.057113,1194.4783890246,124.6200123517
399808,31.4750899000,5790,0.057113,1194.4783890246,124.6200123517
399812,31.4755137000,5791,0.057113,1194.4783890246,124.6200123517
399816,31.4759193000,5792,0.057111,1194.4783890246,124.6019777696
399820,31.4763565000,5793,0.057111,1194.4783890246,124.6019777696
399824,31.4767519000,5794,0.057111,1194.4783890246,124.6019777696
399828,31.4771627000,5795,0.057111,1194.4783890246,124.6019777696
399832,31.4776981000,5796,0.057111,1194.4783890246,124.6019777696
399836,31.4781506000,5797,0.057111,1194.4783890246,124.6019777696
399840,31.4786064000,5798,0.057111,1194.4783890246,124.6019777696
399844,31.4791397000,5799,0.057111,1194.4783890246,124.6019777696
399848,31.4796830000,5800,0.057111,1194.4783890246,124.6019777696
399852,31.4800814000,5801,0.057111,1194.4783890246,124.6019777696
399856,31.4805084000,5802,0.057111,1194.4783890246,124.6019777696
399860,31.4809340000,5803,0.057111,1194.4783890246,124.6019777696
399864,31.4813587000,5804,0.057111,1194.4783890246,124.6019777696
399868,31.4820588000,5805,0.057111,1194.4783890246,124.6019777696
399872,31.4827712000,5806,0.057111,1194.4783890246,124.6019777696
399876,31.4832453000,5807,0.057111,1194.4783890246,124.6019777696
399880,31.4838771000,5808,0.057111,1194.4783890246,124.6019777696
399884,31.4843391000,5809,0.057111,1194.4783890246,124.6019777696
399888,31.4847741000,5810,0.057111,1194.4783890246,124.6019777696
399892,31.4851925000,5811,0.057111,1194.4783890246,124.6019777696
399896,31.4858170000,5812,0.057111,1194.4783890246,124.6019777696
399900,31.4863311000,5813,0.057111,1194.4783890246,124.6019777696
399904,31.4868146000,5814,0.057111,1194.4783890246,124.6019777696
399908,31.4872750000,5815,0.057111,1194.4783890246,124.6019777696
399912,31.4877039000,5816,0.057111,1194.4783890246,124.6019777696
399916,31.4881545000,5817,0.057111,1194.4783890246,124.6019777696
399920,31.4885733000,5818,0.057111,1194.4783890246,124.6019777696
399924,31.4890036000,5819,0.057111,1194.4783890246,124.6019777696
399928,31.4894201000,5820,0.057111,1194.4783890246,124.6017140294
399932,31.4899946000,5821,0.057111,1194.4783890246,124.5853353371
399936,31.4904247000,5822,0.057111,1194.4783890246,124.5853353371
399940,31.4908421000,5823,0.057111,1194.4783890246,124.5853353371
399944,31.4912593000,5824,0.057111,1194.4783890246,124.5853353371
399948,31.4916728000,5825,0.057111,1194.4783890246,124.5853353371
399952,31.4920969000,5826,0.057111,1194.4783890246,124.5853353371
399956,31.4925144000,5827,0.057111,1194.4783890246,124.5853353371
399960,31.4929251000,5828,0.057111,1194.4783890246,124.5853353371
399964,31.4933437000,5829,0.057095,1194.4783890246,124.5024289176
399968,31.4937529000,5830,0.057095,1194.4783890246,124.5024289176
399972,31.4944135000,5831,0.057095,1194.4783890246,124.5024289176
399976,31.4948915000,5832,0.057095,1194.4783890246,124.5024289176
399980,31.4953254000,5833,0.057095,1194.4783890246,124.5024289176
399984,31.4957639000,5834,0.057095,1194.4783890246,124.5024289176
399988,31.4962613000,5835,0.057095,1194.4783890246,124.5024289176
399992,31.4967285000,5836,0.057095,1194.4783890246,124.5024289176
399996,31.4971993000,5837,0.057095,1194.4783890246,124.5024289176
400000,31.4976253000,5838,0.057044,1194.4783890246,124.2785404028
